18           5
20       14626
22      603045
24     1106565
26      355808
28       13686
30        1103
32         482
34         339
36         237
38         191
40         161
42         121
44         100
46          80
48          83
50          61
52          58
54          46
56          27
58          38
60          28
62          24
64          25
66          13
68          22
70          21
72          22
74          14
76           6
78           9
80          12
82           4
84           6
86           7
88           7
90           6
92           9
94           8
96          10
98           4
100          2
102          7
104          3
106          3
108          2
110          1
112          4
114          5
116          2
118          1
122          1
124          1
132          1
dtype: int64