24           1
28       12880
32      611561
36     1239733
40      211303
44       10580
48        3564
52        1787
56        1110
60         852
64         682
68         564
72         454
76         389
80         282
84         263
88         199
92         170
96         169
100        130
104        113
108         76
112         56
116         56
120         42
124         19
128         28
132         10
136         10
140         11
144          7
148          8
152          5
156          2
160          4
164          7
168          2
172          5
180          2
184          2
188          1
192          1
200          2
204          2
208          2
212          1
220          1
228          2
236          1
240          1
dtype: int64