6         253
8       25048
10      48784
12      31550
14      20521
16      30765
18      68290
20     275780
22     807869
24     614013
26     145811
28      20037
30       3641
32       1361
34        817
36        598
38        491
40        324
42        230
44        177
46        100
48        120
50         93
52         74
54         61
56         52
58         46
60         33
62         51
64         43
66         28
68         24
70          9
72         18
74          8
76          8
78          6
80          5
82          1
84          2
86          3
92          1
94          1
96          1
114         1
118         1
142         1
204         1
dtype: int64