   4.6037762e+00   6.3609427e+00   9.3481257e+00   1.4443908e+01   2.0137128e+01   2.2562018e+01   2.3792034e+01   2.1542861e+01   1.5849642e+01   1.0824146e+01   7.4152426e+00   5.3417861e+00   4.6037762e+00   4.3226295e+00   3.7251929e+00
   3.0223264e+00   3.9711963e+00   7.2746692e+00   1.1597299e+01   1.8801681e+01   2.1753721e+01   2.3932607e+01   2.2948594e+01   1.4865628e+01   9.6644157e+00   6.5366593e+00   4.6740628e+00   3.8657663e+00   3.9360529e+00   4.1117696e+00
   1.8977398e+00   2.4600331e+00   4.3577729e+00   8.7155458e+00   1.6552508e+01   2.1437431e+01   2.3581174e+01   2.3651461e+01   1.4057332e+01   8.1532525e+00   5.3417861e+00   4.3929162e+00   3.2683297e+00   3.7251929e+00   3.9009096e+00
   1.2651599e+00   1.3354465e+00   2.5654631e+00   5.2363561e+00   1.2475882e+01   1.9609978e+01   2.3089168e+01   2.3335171e+01   1.3284179e+01   7.0638093e+00   4.7092062e+00   3.9360529e+00   3.0223264e+00   3.3034730e+00   3.6900496e+00
   1.0894432e+00   1.1597299e+00   1.4760198e+00   3.1277563e+00   7.9423925e+00   1.5287348e+01   2.1437431e+01   2.2421444e+01   1.2827315e+01   6.9935226e+00   4.2874862e+00   3.6197630e+00   3.2331863e+00   3.0574697e+00   3.3737596e+00
   8.7858324e-01   8.0829658e-01   1.0542999e+00   1.7571665e+00   4.9903528e+00   1.1421582e+01   1.7536521e+01   2.0875138e+01   1.2440739e+01   6.9583793e+00   3.9360529e+00   3.1980430e+00   3.3034730e+00   3.1628997e+00   3.5494763e+00
   7.3800992e-01   5.2714994e-01   7.7315325e-01   1.3354465e+00   3.1980430e+00   8.3289691e+00   1.4760198e+01   2.0101985e+01   1.2194735e+01   7.3800992e+00   3.5143330e+00   3.4791896e+00   3.4440463e+00   3.1980430e+00   3.7251929e+00
   6.3257993e-01   7.0286659e-01   7.0286659e-01   1.0542999e+00   1.9328831e+00   7.3098126e+00   1.3073319e+01   1.8696251e+01   1.2862459e+01   8.0126792e+00   3.4089030e+00   3.2683297e+00   3.1980430e+00   3.5143330e+00   3.3386163e+00
   6.3257993e-01   8.7858324e-01   1.0542999e+00   1.1245865e+00   1.7571665e+00   6.6420893e+00   1.4971058e+01   2.2597161e+01   1.4971058e+01   9.1021224e+00   4.0766262e+00   2.9871830e+00   3.2331863e+00   3.0223264e+00   3.3737596e+00
   6.6772326e-01   8.7858324e-01   1.1245865e+00   1.1597299e+00   2.3897464e+00   7.5558159e+00   1.8625965e+01   2.6287211e+01   1.8766538e+01   1.1667585e+01   5.4472161e+00   3.1980430e+00   3.0574697e+00   3.0574697e+00   3.1277563e+00
   6.3257993e-01   9.8401323e-01   1.2651599e+00   1.1948732e+00   3.1277563e+00   8.8561191e+00   2.0031698e+01   2.8325524e+01   2.1859151e+01   1.4795342e+01   7.7666759e+00   3.9360529e+00   3.0574697e+00   2.8817530e+00   2.8817530e+00
   6.6772326e-01   1.0894432e+00   1.4057332e+00   1.6517365e+00   3.6900496e+00   9.8049890e+00   2.0172271e+01   2.7552370e+01   2.2210584e+01   1.7571665e+01   1.0191566e+01   5.9743660e+00   3.3034730e+00   2.8817530e+00   2.8114664e+00
   7.7315325e-01   1.1245865e+00   1.5814498e+00   2.0383131e+00   4.3226295e+00   1.0648429e+01   1.9117971e+01   2.5514057e+01   2.0839994e+01   1.8766538e+01   1.2792172e+01   8.0478225e+00   4.4983462e+00   3.2331863e+00   3.2683297e+00
   8.7858324e-01   1.3003032e+00   1.7220232e+00   2.2491731e+00   4.9200662e+00   1.1491869e+01   1.8098815e+01   2.2737734e+01   1.9293688e+01   1.7852811e+01   1.4092475e+01   1.0296996e+01   6.3257993e+00   4.2171996e+00   3.9009096e+00
   1.4057332e+00   1.6517365e+00   1.8274531e+00   2.9520397e+00   5.5877894e+00   1.1948732e+01   1.7431092e+01   2.0875138e+01   1.8204245e+01   1.7044515e+01   1.4689912e+01   1.1737872e+01   7.9775358e+00   5.3066428e+00   4.6037762e+00
