   4.2874862e+00   5.0957828e+00   6.8529493e+00   6.6069460e+00   6.7123760e+00   6.7826626e+00   8.9264057e+00   9.1021224e+00   6.5718026e+00   3.9009096e+00   1.9328831e+00   1.5111632e+00   1.4057332e+00   1.1245865e+00   1.3003032e+00
   3.4791896e+00   3.5494763e+00   4.6037762e+00   6.1852260e+00   6.0797960e+00   6.5015160e+00   7.8018192e+00   8.6804024e+00   5.8689361e+00   3.3737596e+00   1.4760198e+00   1.2300165e+00   1.1245865e+00   1.0191566e+00   1.1597299e+00
   2.4600331e+00   2.6357497e+00   3.1980430e+00   4.1820562e+00   4.9200662e+00   5.1660695e+00   6.5015160e+00   7.9423925e+00   5.4823594e+00   2.9871830e+00   1.4760198e+00   9.8401323e-01   9.4886990e-01   8.4343991e-01   1.1597299e+00
   2.0031698e+00   2.0734564e+00   2.0734564e+00   2.8466097e+00   3.3034730e+00   3.5846196e+00   5.3066428e+00   6.6772326e+00   4.3226295e+00   2.0383131e+00   9.1372657e-01   8.0829658e-01   8.0829658e-01   8.4343991e-01   1.1597299e+00
   2.0031698e+00   1.6868798e+00   1.4760198e+00   2.1085998e+00   1.9680265e+00   2.1788864e+00   3.5143330e+00   4.8497795e+00   2.8817530e+00   1.1948732e+00   7.3800992e-01   7.0286659e-01   8.4343991e-01   9.1372657e-01   1.1245865e+00
   1.8625965e+00   1.5814498e+00   1.3354465e+00   1.7571665e+00   1.6165932e+00   1.3354465e+00   1.9680265e+00   2.6708931e+00   1.6868798e+00   8.7858324e-01   8.0829658e-01   7.3800992e-01   8.7858324e-01   1.0191566e+00   1.3003032e+00
   1.7571665e+00   1.2651599e+00   1.0542999e+00   1.5111632e+00   1.4408765e+00   1.2651599e+00   1.1597299e+00   1.5111632e+00   1.1245865e+00   7.3800992e-01   8.0829658e-01   1.0191566e+00   1.0191566e+00   1.0894432e+00   1.4408765e+00
   1.5111632e+00   1.3003032e+00   1.1245865e+00   1.3003032e+00   1.5111632e+00   1.4057332e+00   1.0542999e+00   1.3705899e+00   1.0191566e+00   8.7858324e-01   7.0286659e-01   1.0542999e+00   1.1948732e+00   1.3705899e+00   1.4760198e+00
   1.2300165e+00   1.1948732e+00   1.4057332e+00   1.0894432e+00   1.1597299e+00   1.2651599e+00   1.1597299e+00   1.3003032e+00   1.1245865e+00   8.4343991e-01   6.3257993e-01   9.4886990e-01   1.3354465e+00   1.6517365e+00   2.0031698e+00
   1.2300165e+00   1.0191566e+00   1.4057332e+00   1.2300165e+00   1.0191566e+00   1.0894432e+00   1.4408765e+00   1.6517365e+00   1.3705899e+00   9.1372657e-01   6.6772326e-01   8.7858324e-01   1.1245865e+00   1.7923098e+00   2.1437431e+00
   1.2300165e+00   1.1245865e+00   1.3003032e+00   9.8401323e-01   1.3354465e+00   1.2300165e+00   1.5463065e+00   1.8274531e+00   1.6165932e+00   1.1245865e+00   8.4343991e-01   8.7858324e-01   1.1245865e+00   1.9328831e+00   2.1788864e+00
   1.2651599e+00   1.1948732e+00   1.4408765e+00   9.8401323e-01   1.3354465e+00   1.2300165e+00   1.6868798e+00   1.8274531e+00   1.7571665e+00   1.6517365e+00   1.3354465e+00   1.0894432e+00   1.2651599e+00   1.8625965e+00   2.2140298e+00
   1.3003032e+00   1.5111632e+00   1.3705899e+00   1.3003032e+00   1.3705899e+00   1.2651599e+00   2.0383131e+00   2.4248897e+00   2.1788864e+00   2.0031698e+00   1.9328831e+00   1.6517365e+00   1.5814498e+00   1.7571665e+00   2.2491731e+00
   1.5814498e+00   1.7571665e+00   1.4408765e+00   1.5814498e+00   1.5463065e+00   1.8625965e+00   2.8466097e+00   3.1980430e+00   3.0574697e+00   2.9520397e+00   2.8817530e+00   2.1788864e+00   2.0383131e+00   1.7923098e+00   2.4248897e+00
   1.6165932e+00   1.8625965e+00   1.8977398e+00   1.8977398e+00   2.1437431e+00   2.7763230e+00   4.2523429e+00   4.1820562e+00   4.0414829e+00   3.9360529e+00   3.6900496e+00   2.9871830e+00   2.3897464e+00   2.3194598e+00   2.4951764e+00
