   1.6802676e-01   1.5510163e-01   1.4217649e-01   1.0340108e-01   9.0475949e-02   1.0340108e-01   1.1632622e-01   2.4557758e-01   6.3333164e-01   1.8999949e+00   5.6612094e+00   1.0805413e+01   1.5923767e+01   1.8883623e+01   1.9284302e+01
   1.4217649e-01   1.2925136e-01   7.7550814e-02   7.7550814e-02   7.7550814e-02   1.1632622e-01   1.6802676e-01   2.9727812e-01   8.2720868e-01   3.3217598e+00   8.5822900e+00   1.4618328e+01   1.8353693e+01   1.9142126e+01   1.7539409e+01
   1.1632622e-01   9.0475949e-02   9.0475949e-02   1.0340108e-01   1.5510163e-01   1.6802676e-01   1.6802676e-01   3.7482893e-01   1.6802676e+00   6.1135891e+00   1.2705408e+01   1.7319682e+01   1.8599270e+01   1.6789751e+01   1.3687719e+01
   1.2925136e-01   1.0340108e-01   1.2925136e-01   1.6802676e-01   1.6802676e-01   1.6802676e-01   1.5510163e-01   9.1768463e-01   4.1877439e+00   1.0702012e+01   1.6078869e+01   1.7655735e+01   1.5484312e+01   1.1813574e+01   8.5435146e+00
   1.4217649e-01   1.1632622e-01   1.6802676e-01   1.8095190e-01   1.5510163e-01   1.0340108e-01   4.0067920e-01   2.9210806e+00   8.7115414e+00   1.4527852e+01   1.6479548e+01   1.4088398e+01   9.8360282e+00   6.4884181e+00   3.9421664e+00
   1.5510163e-01   1.6802676e-01   1.5510163e-01   1.5510163e-01   1.6802676e-01   2.4557758e-01   2.1326474e+00   7.7680065e+00   1.2744184e+01   1.4579553e+01   1.2498606e+01   8.1816108e+00   4.7305996e+00   2.3782249e+00   1.3183638e+00
   1.6802676e-01   1.6802676e-01   1.4217649e-01   1.4217649e-01   2.3265244e-01   1.7836687e+00   7.4319530e+00   1.1257793e+01   1.3144863e+01   1.1231943e+01   6.7081454e+00   3.3993107e+00   1.5251660e+00   7.2380759e-01   4.6530488e-01
   1.9387703e-01   1.8095190e-01   1.5510163e-01   3.4897866e-01   2.0680217e+00   7.2897765e+00   1.0598611e+01   1.2576157e+01   1.0482285e+01   6.2040651e+00   2.8176796e+00   1.1632622e+00   4.2652947e-01   2.7142785e-01   2.4557758e-01
   2.8435298e-01   3.4897866e-01   8.4013381e-01   2.9210806e+00   7.5353540e+00   1.1619697e+01   1.2821735e+01   1.0456435e+01   6.1135891e+00   3.0244817e+00   8.9183436e-01   2.4557758e-01   1.9387703e-01   2.0680217e-01   2.3265244e-01
   1.0986365e+00   1.8482944e+00   4.2265193e+00   8.6856911e+00   1.3235339e+01   1.4773430e+01   1.1193167e+01   6.7469208e+00   3.3605353e+00   6.3333164e-01   2.1972730e-01   2.1972730e-01   1.5510163e-01   1.8095190e-01   2.0680217e-01
   3.1795834e+00   5.8938618e+00   1.0546911e+01   1.4605403e+01   1.6570024e+01   1.3041462e+01   7.7033808e+00   3.5285620e+00   8.0135841e-01   2.0680217e-01   2.1972730e-01   1.9387703e-01   1.9387703e-01   1.6802676e-01   1.6802676e-01
   7.5999797e+00   1.1852349e+01   1.5548938e+01   1.7694511e+01   1.5083633e+01   8.9829692e+00   4.1489685e+00   1.1891125e+00   2.5850271e-01   1.2925136e-01   1.6802676e-01   1.6802676e-01   1.5510163e-01   1.4217649e-01   1.2925136e-01
   1.2963911e+01   1.6169345e+01   1.8121040e+01   1.6337371e+01   1.1076841e+01   5.5190329e+00   1.7965938e+00   4.6530488e-01   1.5510163e-01   1.1632622e-01   1.1632622e-01   1.2925136e-01   9.0475949e-02   1.2925136e-01   1.8095190e-01
   1.6557099e+01   1.7849612e+01   1.6983628e+01   1.3028537e+01   7.4965786e+00   2.9340058e+00   7.8843327e-01   2.0680217e-01   1.1632622e-01   6.4625678e-02   7.7550814e-02   5.1700542e-02   1.2925136e-01   1.4217649e-01   1.1632622e-01
   1.7655735e+01   1.7190430e+01   1.4450302e+01   9.6163009e+00   4.6142734e+00   1.5380911e+00   3.7482893e-01   1.4217649e-01   6.4625678e-02   6.4625678e-02   5.1700542e-02   1.4217649e-01   1.1632622e-01   6.4625678e-02   6.4625678e-02
