   1.0347960e+02   1.0532910e+02   1.0620762e+02   1.0389574e+02   9.6451496e+01   8.7897552e+01   7.9251133e+01   7.1436990e+01   6.3114234e+01   5.7057117e+01   5.2618314e+01   4.8271985e+01   4.4896646e+01   4.2538531e+01   4.1058930e+01
   1.0777969e+02   1.1351315e+02   1.1744334e+02   1.1850680e+02   1.1434542e+02   1.0537534e+02   9.5018132e+01   8.5354488e+01   7.4211242e+01   6.4778785e+01   5.8629193e+01   5.2849501e+01   4.9936537e+01   4.5775159e+01   4.3463282e+01
   1.0861197e+02   1.1850680e+02   1.2636718e+02   1.3126836e+02   1.3450499e+02   1.3182321e+02   1.2003264e+02   1.0491296e+02   9.0902992e+01   7.6338169e+01   6.7368087e+01   6.0709882e+01   5.5346328e+01   5.0722575e+01   4.7116047e+01
   1.0523663e+02   1.2081868e+02   1.3302539e+02   1.4278150e+02   1.5050317e+02   1.5563554e+02   1.5258386e+02   1.3468994e+02   1.1106256e+02   9.4879420e+01   7.7910245e+01   6.8477788e+01   6.1634633e+01   5.5253853e+01   5.0768812e+01
   9.7653672e+01   1.1730462e+02   1.3556845e+02   1.5082684e+02   1.6562285e+02   1.7634995e+02   1.8088123e+02   1.7362194e+02   1.4685041e+02   1.1425295e+02   9.7237534e+01   7.8742520e+01   6.9032638e+01   6.0155032e+01   5.3635539e+01
   8.7758840e+01   1.0856573e+02   1.3413509e+02   1.5674524e+02   1.7570263e+02   1.9165458e+02   1.9969991e+02   1.9900635e+02   1.8860290e+02   1.5221396e+02   1.1439166e+02   9.5619220e+01   7.7031732e+01   6.6489574e+01   5.8166818e+01
   7.8742520e+01   9.5388033e+01   1.2146600e+02   1.5471079e+02   1.8046510e+02   2.0034723e+02   2.0908613e+02   2.1250771e+02   2.0658930e+02   1.8837171e+02   1.4305893e+02   1.1226473e+02   9.0856754e+01   7.3933817e+01   6.3299184e+01
   6.8893926e+01   8.2210335e+01   1.0394198e+02   1.3778785e+02   1.7510154e+02   2.0191931e+02   2.1375612e+02   2.2046056e+02   2.1574433e+02   2.0441614e+02   1.7408432e+02   1.3367271e+02   1.0556029e+02   8.5585675e+01   7.1344515e+01
   6.2559383e+01   7.1344515e+01   8.7851315e+01   1.1360562e+02   1.4939347e+02   1.9442883e+02   2.0959474e+02   2.1898096e+02   2.1777879e+02   2.0811514e+02   1.8619855e+02   1.5757752e+02   1.2363917e+02   9.9826836e+01   8.2210335e+01
   5.7704442e+01   6.4455122e+01   7.4396192e+01   9.4648232e+01   1.2063373e+02   1.5827108e+02   1.9863645e+02   2.0945603e+02   2.1070444e+02   2.0270535e+02   1.8758568e+02   1.6659383e+02   1.4130190e+02   1.1513146e+02   9.4093382e+01
   5.4467815e+01   5.8536718e+01   6.7090662e+01   7.7540345e+01   9.9826836e+01   1.2215956e+02   1.5577425e+02   1.8809429e+02   1.9553853e+02   1.9119220e+02   1.8129737e+02   1.6728740e+02   1.4833001e+02   1.2604352e+02   1.0454306e+02
   4.9982774e+01   5.5854941e+01   6.0756120e+01   6.7784225e+01   8.0175884e+01   1.0209248e+02   1.2280689e+02   1.4800635e+02   1.6983046e+02   1.7505530e+02   1.7144878e+02   1.5956573e+02   1.4740526e+02   1.3131460e+02   1.1351315e+02
   4.8318223e+01   5.1462375e+01   5.5762466e+01   6.0571170e+01   6.9263826e+01   8.1932910e+01   1.0024297e+02   1.1698096e+02   1.3704805e+02   1.5235267e+02   1.5572801e+02   1.5073436e+02   1.4315141e+02   1.3163826e+02   1.1781324e+02
   4.5728921e+01   4.8503173e+01   5.2479601e+01   5.5115141e+01   6.1172257e+01   6.9541251e+01   8.2071623e+01   9.6266546e+01   1.1046147e+02   1.2539619e+02   1.3510607e+02   1.3825023e+02   1.3492112e+02   1.2798549e+02   1.1822937e+02
   4.3047144e+01   4.4989121e+01   4.8271985e+01   5.0907525e+01   5.6132366e+01   6.1588395e+01   6.9078876e+01   7.9112421e+01   9.1457842e+01   1.0403445e+02   1.1453037e+02   1.2252947e+02   1.2345422e+02   1.2114234e+02   1.1568631e+02
