   1.1101632e+02   1.1531641e+02   1.1762829e+02   1.1637987e+02   1.1092384e+02   9.9919311e+01   8.9700816e+01   7.9112421e+01   6.8847688e+01   6.1126020e+01   5.5253853e+01   5.0491387e+01   4.6977335e+01   4.4388033e+01   4.2723481e+01
   1.1707344e+02   1.2405530e+02   1.2965005e+02   1.3163826e+02   1.3011242e+02   1.2461015e+02   1.1263463e+02   9.8347235e+01   8.5123300e+01   7.0281052e+01   6.3067996e+01   5.5762466e+01   5.0722575e+01   4.8133273e+01   4.6145059e+01
   1.1947779e+02   1.3011242e+02   1.3912874e+02   1.4537081e+02   1.4999456e+02   1.5064189e+02   1.4444606e+02   1.2793926e+02   1.0556029e+02   8.8082502e+01   7.1945603e+01   6.2466908e+01   5.6039891e+01   5.2248413e+01   4.9196736e+01
   1.1896917e+02   1.3348776e+02   1.4708160e+02   1.5947325e+02   1.6959927e+02   1.7708976e+02   1.7695104e+02   1.6687126e+02   1.3903626e+02   1.0736355e+02   8.9007253e+01   7.2361741e+01   6.3021759e+01   5.6872167e+01   5.1647325e+01
   1.1490027e+02   1.3325657e+02   1.5133545e+02   1.6996917e+02   1.8578241e+02   1.9849773e+02   2.0228921e+02   2.0062466e+02   1.8282321e+02   1.4509338e+02   1.0593019e+02   8.8174977e+01   7.1991840e+01   6.2374433e+01   5.6224841e+01
   1.0421940e+02   1.2844787e+02   1.5216772e+02   1.7607253e+02   1.9553853e+02   2.1250771e+02   2.1995195e+02   2.2244878e+02   2.1324751e+02   1.9026745e+02   1.4009973e+02   1.0680870e+02   8.4984587e+01   7.0142339e+01   5.9877607e+01
   9.0671804e+01   1.1392928e+02   1.4597189e+02   1.7542520e+02   2.0057842e+02   2.2013690e+02   2.3742974e+02   2.4011151e+02   2.3007797e+02   2.1213781e+02   1.7991024e+02   1.3159202e+02   1.0130644e+02   8.1285585e+01   6.8061650e+01
   7.6893019e+01   9.6405258e+01   1.2618223e+02   1.6705621e+02   1.9928377e+02   2.2133908e+02   2.4954397e+02   2.5500000e+02   2.4117498e+02   2.2198640e+02   1.9937625e+02   1.6252493e+02   1.2280689e+02   9.3862194e+01   7.6893019e+01
   6.7460562e+01   7.9528558e+01   1.0190752e+02   1.4065458e+02   1.8758568e+02   2.1542067e+02   2.3789211e+02   2.4524388e+02   2.3775340e+02   2.2286491e+02   2.0446238e+02   1.7917044e+02   1.4583318e+02   1.1226473e+02   8.8544878e+01
   6.2651859e+01   6.8570263e+01   8.4660925e+01   1.1069266e+02   1.4994832e+02   2.0326020e+02   2.1884225e+02   2.2771985e+02   2.2476065e+02   2.1639166e+02   2.0312149e+02   1.8323935e+02   1.5951949e+02   1.3089846e+02   1.0320218e+02
   5.8166818e+01   6.3807797e+01   7.1529465e+01   9.0440617e+01   1.1406800e+02   1.5434089e+02   1.9724932e+02   2.0991840e+02   2.1125929e+02   2.0668178e+02   1.9576972e+02   1.8268450e+02   1.6303354e+02   1.4162557e+02   1.1762829e+02
   5.4652765e+01   5.9415231e+01   6.4038985e+01   7.3378966e+01   9.2844968e+01   1.1531641e+02   1.4962466e+02   1.8185222e+02   1.9146963e+02   1.9114597e+02   1.8735449e+02   1.7510154e+02   1.6090662e+02   1.4416863e+02   1.2632094e+02
   5.1416138e+01   5.5161378e+01   5.9137806e+01   6.5194923e+01   7.5320943e+01   9.1781505e+01   1.1300453e+02   1.4019220e+02   1.6372711e+02   1.7149501e+02   1.7158749e+02   1.6594651e+02   1.5716138e+02   1.4393744e+02   1.3094470e+02
   4.9612874e+01   5.2248413e+01   5.5346328e+01   6.0709882e+01   6.7460562e+01   7.5459655e+01   9.0255666e+01   1.0925929e+02   1.2895648e+02   1.4661922e+02   1.5221396e+02   1.5415594e+02   1.4888486e+02   1.4051587e+02   1.3066727e+02
   4.7162285e+01   4.9797824e+01   5.3126927e+01   5.6456029e+01   6.1680870e+01   6.6951949e+01   7.5737081e+01   8.7296464e+01   1.0371079e+02   1.1998640e+02   1.3353400e+02   1.3894379e+02   1.3838894e+02   1.3260925e+02   1.2585857e+02
