   1.5517241e+00   1.4576803e+00   1.2225705e+00   1.1755486e+00   1.1755486e+00   1.2695925e+00   1.4576803e+00   2.1159875e+00   2.7272727e+00   4.1379310e+00   7.2413793e+00   1.2884013e+01   1.9467085e+01   2.5909091e+01   3.1645768e+01
   1.4106583e+00   1.3636364e+00   1.5047022e+00   1.2695925e+00   1.1755486e+00   1.5517241e+00   1.9749216e+00   2.5862069e+00   3.8087774e+00   6.7241379e+00   1.2319749e+01   2.0689655e+01   3.0141066e+01   3.7711599e+01   4.4764890e+01
   1.6457680e+00   1.8338558e+00   1.6457680e+00   1.5987461e+00   1.9749216e+00   2.1159875e+00   2.5391850e+00   3.5736677e+00   6.8652038e+00   1.2272727e+01   2.3605016e+01   3.6489028e+01   4.5940439e+01   5.2852665e+01   5.6379310e+01
   2.1630094e+00   2.0689655e+00   2.0689655e+00   2.3981191e+00   2.6802508e+00   2.6802508e+00   3.6677116e+00   7.2884013e+00   1.4153605e+01   2.7836991e+01   4.4341693e+01   5.7131661e+01   6.4326019e+01   6.8322884e+01   6.8275862e+01
   2.8213166e+00   2.9623824e+00   3.0564263e+00   2.9153605e+00   2.9623824e+00   3.6206897e+00   9.0752351e+00   1.8808777e+01   3.4937304e+01   5.4827586e+01   7.2695925e+01   7.9796238e+01   8.0266458e+01   7.5329154e+01   6.7523511e+01
   4.3730408e+00   4.2789969e+00   3.9968652e+00   4.7492163e+00   6.3009404e+00   1.3824451e+01   2.8166144e+01   4.4623824e+01   6.7711599e+01   8.9106583e+01   9.3620690e+01   8.8213166e+01   7.7774295e+01   6.4184953e+01   5.0125392e+01
   6.4420063e+00   6.6300940e+00   8.6520376e+00   1.3542320e+01   2.4075235e+01   4.1520376e+01   5.3557994e+01   8.0078370e+01   1.0542320e+02   1.0415361e+02   9.0329154e+01   7.2789969e+01   5.5673981e+01   4.0532915e+01   2.9059561e+01
   1.3166144e+01   1.7351097e+01   2.4733542e+01   3.6300940e+01   5.0830721e+01   6.7241379e+01   9.5830721e+01   1.2216301e+02   1.0194357e+02   8.0078370e+01   5.9341693e+01   4.3166144e+01   2.8448276e+01   1.9702194e+01   1.4670846e+01
   2.7084639e+01   3.6442006e+01   4.9326019e+01   6.4655172e+01   8.5203762e+01   1.0965517e+02   1.1576803e+02   8.4075235e+01   5.9811912e+01   4.2272727e+01   3.1504702e+01   1.8996865e+01   1.1849530e+01   7.8056426e+00   5.5956113e+00
   4.8150470e+01   5.9905956e+01   7.2978056e+01   8.8354232e+01   9.8510972e+01   9.1410658e+01   6.6536050e+01   4.5987461e+01   3.0940439e+01   2.5909091e+01   1.0909091e+01   5.2194357e+00   3.1504702e+00   2.6802508e+00   2.0219436e+00
   6.3056426e+01   7.1896552e+01   7.9937304e+01   8.2993730e+01   7.4623824e+01   5.5768025e+01   3.6865204e+01   2.5626959e+01   1.5470219e+01   3.5736677e+00   2.2570533e+00   1.5517241e+00   1.3166144e+00   1.0344828e+00   1.0344828e+00
   6.5924765e+01   6.9545455e+01   7.0815047e+01   6.1974922e+01   4.7021944e+01   3.0376176e+01   1.8996865e+01   1.0673981e+01   2.7272727e+00   1.6927900e+00   1.2225705e+00   1.1755486e+00   8.4639498e-01   8.9341693e-01   8.9341693e-01
   6.1363636e+01   6.0235110e+01   5.2288401e+01   3.9357367e+01   2.5626959e+01   1.6363636e+01   8.9341693e+00   2.7272727e+00   1.5517241e+00   1.2695925e+00   9.4043887e-01   8.4639498e-01   7.5235110e-01   7.5235110e-01   7.5235110e-01
   5.2194357e+01   4.5987461e+01   3.4043887e+01   2.3605016e+01   1.5517241e+01   7.8526646e+00   3.1974922e+00   1.8808777e+00   1.2225705e+00   5.6426332e-01   7.5235110e-01   7.0532915e-01   9.4043887e-01   7.0532915e-01   5.1724138e-01
   3.9545455e+01   3.1222571e+01   2.2194357e+01   1.5047022e+01   7.9937304e+00   3.5736677e+00   2.0219436e+00   1.2695925e+00   8.9341693e-01   7.0532915e-01   4.7021944e-01   7.5235110e-01   8.9341693e-01   9.4043887e-01   6.1128527e-01
