   3.6901094e+01   5.4989866e+01   8.0469193e+01   1.0930786e+02   1.4770774e+02   1.8471220e+02   2.0517835e+02   2.0585022e+02   1.8848500e+02   1.5959465e+02   1.2243514e+02   9.1425821e+01   6.3930888e+01   4.5221929e+01   3.2714836e+01
   3.2404743e+01   4.9666599e+01   7.5972842e+01   1.1013478e+02   1.5246251e+02   1.9437677e+02   2.1639339e+02   2.1846068e+02   1.9990677e+02   1.6827726e+02   1.2646636e+02   9.1167410e+01   6.2173693e+01   4.1914268e+01   2.9872315e+01
   2.8425213e+01   4.4136603e+01   7.1011350e+01   1.0935955e+02   1.5654540e+02   2.0274929e+02   2.2523105e+02   2.2900385e+02   2.1189704e+02   1.7820024e+02   1.2982570e+02   9.0960681e+01   5.9176125e+01   3.9020065e+01   2.6719700e+01
   2.5117552e+01   3.8813336e+01   6.6566680e+01   1.0636198e+02   1.6104175e+02   2.0982975e+02   2.3225983e+02   2.3660113e+02   2.2445582e+02   1.8838164e+02   1.3437373e+02   9.0133766e+01   5.5248277e+01   3.6384272e+01   2.3825497e+01
   2.2171666e+01   3.4420349e+01   6.1140049e+01   1.0300263e+02   1.6228212e+02   2.1696190e+02   2.3784151e+02   2.4213113e+02   2.3370693e+02   2.0176733e+02   1.3561411e+02   8.8428253e+01   5.2095663e+01   3.3955209e+01   2.1603162e+01
   2.0517835e+01   3.0905959e+01   5.5506688e+01   1.0021180e+02   1.6093839e+02   2.2383563e+02   2.4151094e+02   2.4564552e+02   2.3903020e+02   2.1572152e+02   1.3742298e+02   8.7136198e+01   5.0183421e+01   3.1577827e+01   1.9277463e+01
   1.9897649e+01   2.9820632e+01   5.4214633e+01   9.6077219e+01   1.5768241e+02   2.2652310e+02   2.4502533e+02   2.4786786e+02   2.4368160e+02   2.2156161e+02   1.4259120e+02   8.4810499e+01   5.0493514e+01   2.9510539e+01   1.7313539e+01
   2.1034657e+01   2.9768950e+01   5.3387718e+01   9.2717876e+01   1.5313437e+02   2.2543778e+02   2.4559384e+02   2.4957337e+02   2.4476692e+02   2.2430077e+02   1.4930989e+02   8.4913863e+01   5.0545197e+01   2.6926429e+01   1.6228212e+01
   2.2636806e+01   3.1681192e+01   5.3697811e+01   9.1064045e+01   1.4553709e+02   2.2533441e+02   2.4580057e+02   2.4936664e+02   2.4538711e+02   2.2517937e+02   1.5437475e+02   8.8634982e+01   5.1630523e+01   2.7133158e+01   1.6021484e+01
   2.4135590e+01   3.3490069e+01   5.4317998e+01   9.0185448e+01   1.4104074e+02   2.2083806e+02   2.4275132e+02   2.4786786e+02   2.4337150e+02   2.2548946e+02   1.5577017e+02   9.5508715e+01   5.2715849e+01   2.8166802e+01   1.6848399e+01
   2.6874747e+01   3.7211188e+01   5.6385286e+01   9.0185448e+01   1.4011046e+02   2.0683218e+02   2.3944366e+02   2.4595561e+02   2.4156263e+02   2.1913255e+02   1.5768241e+02   1.0129712e+02   5.6798743e+01   3.1319416e+01   1.9432509e+01
   3.0079043e+01   4.0415484e+01   5.8762667e+01   9.1115728e+01   1.3742298e+02   1.9535874e+02   2.2957236e+02   2.4197608e+02   2.3654945e+02   2.1065667e+02   1.5902615e+02   1.0413964e+02   6.1450142e+01   3.5609039e+01   2.2533441e+01
   3.3179976e+01   4.3102959e+01   6.1760235e+01   9.1787596e+01   1.3494224e+02   1.8481557e+02   2.1778881e+02   2.3365525e+02   2.2931394e+02   2.0398966e+02   1.5690717e+02   1.0729226e+02   6.7962100e+01   4.0932306e+01   2.5686056e+01
   3.5453993e+01   4.6307256e+01   6.4964532e+01   9.1942643e+01   1.3178962e+02   1.7618464e+02   2.0657377e+02   2.2285367e+02   2.2006283e+02   1.9742602e+02   1.5303101e+02   1.0868768e+02   7.3750507e+01   4.6617349e+01   2.9872315e+01
   3.7417916e+01   4.8943048e+01   6.7496960e+01   9.2459465e+01   1.2863701e+02   1.6641670e+02   1.9577219e+02   2.1070835e+02   2.0858938e+02   1.8786482e+02   1.4972335e+02   1.0997973e+02   7.7419943e+01   5.2043981e+01   3.3903527e+01
