   2.5205931e+01   2.6606260e+01   2.9827018e+01   3.2487644e+01   3.7178748e+01   4.6000824e+01   5.9934102e+01   8.3039539e+01   1.0481466e+02   1.2757002e+02   1.4241351e+02   1.5298600e+02   1.5347611e+02   1.5256590e+02   1.4808484e+02
   2.6466227e+01   2.8636738e+01   3.1087315e+01   3.5218287e+01   4.3550247e+01   5.5943163e+01   7.5617792e+01   1.0334432e+02   1.3149094e+02   1.4983526e+02   1.6481878e+02   1.6922982e+02   1.6859967e+02   1.6460873e+02   1.5494646e+02
   2.8146623e+01   3.0737232e+01   3.3117792e+01   4.1169687e+01   5.1042010e+01   6.9036244e+01   9.9633443e+01   1.3268122e+02   1.5837727e+02   1.7679160e+02   1.8344316e+02   1.8477348e+02   1.8015239e+02   1.7035008e+02   1.5431631e+02
   2.9546952e+01   3.2557661e+01   3.8649094e+01   4.8451400e+01   6.1474465e+01   9.3471993e+01   1.3373147e+02   1.6768946e+02   1.8883443e+02   1.9989703e+02   2.0038715e+02   1.9548600e+02   1.8526359e+02   1.6719934e+02   1.4661450e+02
   3.2137562e+01   3.8439044e+01   4.8871499e+01   5.9023888e+01   8.8850906e+01   1.3100082e+02   1.7490115e+02   1.9996705e+02   2.1278007e+02   2.1523064e+02   2.1025947e+02   1.9982702e+02   1.8204283e+02   1.5802718e+02   1.3380148e+02
   3.8999176e+01   4.8801483e+01   6.0564250e+01   8.5840198e+01   1.2441928e+02   1.8071252e+02   2.0451812e+02   2.2027183e+02   2.2601318e+02   2.2265239e+02   2.1228995e+02   1.9807661e+02   1.7140033e+02   1.4164333e+02   1.1937809e+02
   5.1042010e+01   6.4625206e+01   8.4719934e+01   1.2182867e+02   1.6558896e+02   2.0619852e+02   2.2160214e+02   2.3168451e+02   2.3168451e+02   2.2230231e+02   2.0962932e+02   1.8519357e+02   1.4913509e+02   1.2014827e+02   9.6832784e+01
   6.8616145e+01   8.6890445e+01   1.1580725e+02   1.5340610e+02   1.9296540e+02   2.1642092e+02   2.3210461e+02   2.3945634e+02   2.2804366e+02   2.1761120e+02   1.9835667e+02   1.6096787e+02   1.2133855e+02   9.1581549e+01   7.4847611e+01
   8.8150741e+01   1.1146623e+02   1.4129325e+02   1.7714168e+02   2.0626853e+02   2.2349259e+02   2.3399506e+02   2.3154448e+02   2.2062191e+02   2.0591845e+02   1.7819193e+02   1.2322900e+02   8.8220758e+01   6.9946458e+01   5.8883855e+01
   1.0656507e+02   1.3184102e+02   1.6222817e+02   1.9093493e+02   2.1200988e+02   2.2545305e+02   2.2671334e+02   2.1908155e+02   2.0612850e+02   1.9450577e+02   1.2588962e+02   8.2129325e+01   6.4415157e+01   5.4262768e+01   4.6700988e+01
   1.2196870e+02   1.4829489e+02   1.7434102e+02   1.9660626e+02   2.1095964e+02   2.1852142e+02   2.1495058e+02   2.0073723e+02   1.8358320e+02   1.2960049e+02   8.0728995e+01   6.2034596e+01   5.0341845e+01   4.3830313e+01   3.9769357e+01
   1.3506178e+02   1.5865733e+02   1.7938221e+02   1.9527595e+02   2.0500824e+02   2.0493822e+02   1.9198517e+02   1.7378089e+02   1.3387150e+02   9.0041186e+01   6.5885502e+01   4.8801483e+01   4.2920099e+01   3.8649094e+01   3.7038715e+01
   1.4339374e+02   1.6250824e+02   1.7833196e+02   1.8904448e+02   1.9233526e+02   1.8274300e+02   1.6467875e+02   1.3618204e+02   1.0089374e+02   7.1766886e+01   5.1602142e+01   4.2570016e+01   3.8088962e+01   3.7598847e+01   3.6268534e+01
   1.4514415e+02   1.5991763e+02   1.7161038e+02   1.7714168e+02   1.7287068e+02   1.5914745e+02   1.3653213e+02   1.0789539e+02   7.8768534e+01   5.7693575e+01   4.3970346e+01   3.8439044e+01   3.7388797e+01   3.6128501e+01   3.4448105e+01
   1.4367381e+02   1.5263591e+02   1.6061779e+02   1.6236820e+02   1.5200577e+02   1.3555189e+02   1.1139621e+02   8.5840198e+01   6.3364909e+01   4.8311367e+01   3.9979407e+01   3.7108731e+01   3.5708402e+01   3.4658155e+01   3.3607908e+01
