   2.1901038e+00   1.5363415e+00   1.0460197e+00   7.8451481e-01   5.5569799e-01   5.2300987e-01   3.9225740e-01   3.2688117e-01   2.9419305e-01   4.2494552e-01   4.9032175e-01   6.2107422e-01   7.8451481e-01   8.4989104e-01   9.1526727e-01
   2.7458018e+00   1.8305345e+00   1.2094603e+00   9.1526727e-01   7.5182669e-01   5.8838610e-01   5.2300987e-01   4.9032175e-01   5.5569799e-01   6.5376234e-01   6.8645046e-01   6.8645046e-01   7.8451481e-01   8.1720292e-01   1.1767722e+00
   5.1647225e+00   3.6283810e+00   2.4842969e+00   1.7978464e+00   1.2421484e+00   1.0460197e+00   9.4795539e-01   8.8257916e-01   9.4795539e-01   9.8064351e-01   1.1440841e+00   1.0460197e+00   1.2094603e+00   1.6670940e+00   2.2227919e+00
   1.1081272e+01   8.3027817e+00   5.4916036e+00   3.6937572e+00   2.6477375e+00   1.7651583e+00   1.5363415e+00   1.5690296e+00   1.6670940e+00   1.6017177e+00   1.8305345e+00   2.4516088e+00   3.3014998e+00   4.5436483e+00   6.1126779e+00
   2.5137162e+01   2.0855019e+01   1.7128573e+01   1.3500192e+01   9.6756826e+00   7.4202025e+00   5.6877323e+00   5.2954749e+00   5.4589155e+00   6.7664402e+00   8.2700936e+00   1.0100628e+01   1.2388796e+01   1.4873093e+01   1.8599539e+01
   4.6122933e+01   4.3507884e+01   4.0500577e+01   3.6578003e+01   3.2688117e+01   2.9157800e+01   2.6869632e+01   2.5725548e+01   2.5496731e+01   2.6444687e+01   2.9844251e+01   3.3472632e+01   3.6414562e+01   3.8506602e+01   3.9781438e+01
   7.0835149e+01   7.4561595e+01   7.7242020e+01   7.8418792e+01   7.8255352e+01   7.6261377e+01   7.3417511e+01   7.2796436e+01   7.3352134e+01   7.4659659e+01   7.4463530e+01   7.3286758e+01   7.1063966e+01   6.7860531e+01   6.4101397e+01
   9.3553391e+01   1.0264069e+02   1.1208755e+02   1.2159979e+02   1.3196193e+02   1.4095116e+02   1.4533137e+02   1.4866556e+02   1.4248750e+02   1.3441354e+02   1.2300538e+02   1.1048584e+02   9.9437252e+01   8.9238559e+01   8.0837713e+01
   8.4498782e+01   9.0023074e+01   9.6037687e+01   1.0234649e+02   1.0809960e+02   1.1336239e+02   1.1372196e+02   1.1244712e+02   1.1028971e+02   1.0633444e+02   1.0159467e+02   9.5972311e+01   8.9859633e+01   8.3256634e+01   7.7013203e+01
   5.7073452e+01   5.6746571e+01   5.5210229e+01   5.2039482e+01   4.6547878e+01   3.9944879e+01   3.4649404e+01   3.3799513e+01   3.5531983e+01   3.9421869e+01   4.2854121e+01   4.5534547e+01   4.7070888e+01   4.8182284e+01   4.7724651e+01
   2.9419305e+01   2.5692860e+01   2.1116524e+01   1.6801692e+01   1.2911806e+01   1.0231381e+01   9.2834252e+00   8.4008460e+00   8.5969747e+00   9.0546084e+00   1.0525574e+01   1.3140623e+01   1.6442123e+01   1.9482118e+01   2.2358672e+01
   1.2715677e+01   9.3814896e+00   6.6356877e+00   4.6744007e+00   3.2688117e+00   2.3535444e+00   1.7324702e+00   1.5363415e+00   1.6670940e+00   2.3862325e+00   2.9746186e+00   3.7264453e+00   4.9032175e+00   6.2761184e+00   8.0412768e+00
   5.7204205e+00   3.9879503e+00   3.0073068e+00   2.4189207e+00   1.9612870e+00   1.6017177e+00   1.3075247e+00   1.4382771e+00   1.3729009e+00   1.5363415e+00   1.5690296e+00   1.8632227e+00   2.3535444e+00   2.8765543e+00   3.5956929e+00
   2.8111781e+00   2.3208563e+00   2.1574157e+00   1.8632227e+00   1.6344058e+00   1.5036534e+00   1.4382771e+00   1.1440841e+00   1.0460197e+00   8.8257916e-01   9.8064351e-01   1.2094603e+00   1.4055890e+00   1.7324702e+00   1.9939751e+00
   1.8959108e+00   1.6670940e+00   1.4055890e+00   1.2094603e+00   1.2748366e+00   1.3729009e+00   1.5036534e+00   1.4709653e+00   1.3402128e+00   1.2748366e+00   1.2748366e+00   1.4055890e+00   1.5363415e+00   1.7651583e+00   1.7978464e+00
