   1.6457680e+00   1.4106583e+00   1.2225705e+00   1.1755486e+00   1.0815047e+00   1.2695925e+00   1.3636364e+00   1.8338558e+00   2.0689655e+00   3.2915361e+00   4.4200627e+00   8.7460815e+00   1.3307210e+01   1.5282132e+01   1.7586207e+01
   1.5517241e+00   1.5517241e+00   1.4576803e+00   1.4576803e+00   1.3636364e+00   1.5517241e+00   1.8338558e+00   1.8338558e+00   2.3510972e+00   4.0909091e+00   7.7115987e+00   1.2978056e+01   1.6410658e+01   1.9608150e+01   2.3934169e+01
   1.7868339e+00   1.7868339e+00   1.6457680e+00   1.5987461e+00   1.8808777e+00   1.9749216e+00   2.1159875e+00   2.3040752e+00   3.5266458e+00   6.9122257e+00   1.2554859e+01   1.7774295e+01   2.3134796e+01   2.7742947e+01   3.0893417e+01
   2.2100313e+00   2.0689655e+00   2.1630094e+00   2.1630094e+00   2.2570533e+00   2.2570533e+00   2.3040752e+00   3.3385580e+00   6.9122257e+00   1.3636364e+01   2.1018809e+01   2.8448276e+01   3.2021944e+01   3.4184953e+01   3.2821317e+01
   2.5391850e+00   2.6332288e+00   2.6802508e+00   2.5391850e+00   2.4921630e+00   2.2570533e+00   3.1504702e+00   8.4639498e+00   1.6034483e+01   2.5626959e+01   3.3526646e+01   3.6159875e+01   3.6818182e+01   3.4608150e+01   2.9576803e+01
   3.0564263e+00   3.0094044e+00   2.9153605e+00   3.0564263e+00   3.3385580e+00   4.7021944e+00   1.1238245e+01   2.0689655e+01   2.9529781e+01   3.6536050e+01   3.9310345e+01   3.8605016e+01   3.3902821e+01   2.7366771e+01   2.1771160e+01
   4.1379310e+00   3.9498433e+00   4.3260188e+00   5.5015674e+00   8.4639498e+00   1.6645768e+01   2.7084639e+01   3.2586207e+01   3.7946708e+01   3.9733542e+01   3.7429467e+01   3.0611285e+01   2.2993730e+01   1.6786834e+01   1.3166144e+01
   6.8652038e+00   8.3699060e+00   1.0579937e+01   1.5470219e+01   2.4639498e+01   3.2821317e+01   3.6536050e+01   3.9028213e+01   3.7053292e+01   3.2915361e+01   2.6097179e+01   1.7445141e+01   1.1990596e+01   8.6520376e+00   6.2539185e+00
   1.4294671e+01   1.7586207e+01   2.3605016e+01   3.1645768e+01   3.7617555e+01   4.0485893e+01   3.8510972e+01   3.3244514e+01   2.8260188e+01   2.2946708e+01   1.2601881e+01   6.7711599e+00   4.4200627e+00   3.1974922e+00   2.3040752e+00
   2.3934169e+01   2.9952978e+01   3.6159875e+01   4.0109718e+01   4.0862069e+01   3.7100313e+01   3.0329154e+01   2.4827586e+01   1.9090909e+01   6.5830721e+00   2.5391850e+00   1.8808777e+00   1.4106583e+00   1.3166144e+00   1.2225705e+00
   3.2868339e+01   3.7711599e+01   4.0815047e+01   3.9404389e+01   3.3385580e+01   2.5626959e+01   1.9137931e+01   1.2225705e+01   2.6802508e+00   1.2695925e+00   8.4639498e-01   7.5235110e-01   6.1128527e-01   6.1128527e-01   7.0532915e-01
   3.7899687e+01   3.8181818e+01   3.5642633e+01   3.0047022e+01   2.1536050e+01   1.5235110e+01   9.1692790e+00   2.2100313e+00   9.8746082e-01   4.7021944e-01   4.7021944e-01   4.7021944e-01   4.2319749e-01   2.8213166e-01   4.2319749e-01
   3.5360502e+01   3.2163009e+01   2.6003135e+01   1.9231975e+01   1.2978056e+01   7.1003135e+00   2.4451411e+00   8.9341693e-01   4.2319749e-01   2.3510972e-01   1.4106583e-01   1.8808777e-01   1.4106583e-01   2.8213166e-01   2.8213166e-01
   2.9811912e+01   2.3793103e+01   1.7915361e+01   1.2272727e+01   6.1128527e+00   2.5862069e+00   1.0344828e+00   5.6426332e-01   3.2915361e-01   9.4043887e-02   9.4043887e-02   1.4106583e-01   2.3510972e-01   2.8213166e-01   2.3510972e-01
   2.2382445e+01   1.7633229e+01   1.1708464e+01   6.8181818e+00   3.1504702e+00   1.3166144e+00   8.9341693e-01   4.2319749e-01   2.8213166e-01   1.8808777e-01   9.4043887e-02   1.8808777e-01   3.7617555e-01   3.2915361e-01   2.8213166e-01
