   6.4451595e+00   3.2820369e+00   1.9501959e+00   1.6885842e+00   1.4031897e+00   1.2367096e+00   1.0702294e+00   1.0226637e+00   9.2753218e-01   7.6105204e-01   6.1835478e-01   5.2322328e-01   5.9457191e-01   5.4700616e-01   6.1835478e-01
   1.3342194e+01   7.8007834e+00   3.6149972e+00   1.9026301e+00   1.5934527e+00   1.2367096e+00   1.1177952e+00   1.0226637e+00   9.5131505e-01   9.5131505e-01   9.2753218e-01   9.0374930e-01   7.3726917e-01   6.6592054e-01   7.3726917e-01
   2.2189424e+01   1.7242585e+01   1.0155288e+01   4.4711807e+00   1.9264130e+00   1.2842753e+00   8.5618355e-01   8.3240067e-01   9.0374930e-01   8.0861780e-01   9.0374930e-01   8.7996642e-01   8.5618355e-01   7.8483492e-01   9.2753218e-01
   3.1369614e+01   2.8919978e+01   2.2736430e+01   1.4055680e+01   5.6365417e+00   1.9264130e+00   9.7509793e-01   7.3726917e-01   7.6105204e-01   8.0861780e-01   6.6592054e-01   5.4700616e-01   6.1835478e-01   1.0702294e+00   1.9026301e+00
   4.3855624e+01   4.3570229e+01   4.1049245e+01   3.2582541e+01   2.0714885e+01   8.0148293e+00   1.7837157e+00   8.5618355e-01   9.2753218e-01   8.0861780e-01   1.0464466e+00   1.6648013e+00   3.2106883e+00   6.1121992e+00   9.3704533e+00
   5.4962227e+01   6.0123111e+01   6.3310017e+01   6.4380246e+01   5.5390319e+01   3.7148853e+01   1.4127029e+01   1.5696698e+00   1.5458870e+00   3.5912143e+00   7.4440403e+00   1.2509793e+01   1.7837157e+01   2.2807778e+01   2.6589256e+01
   5.5057359e+01   6.5593173e+01   7.9149412e+01   9.2562955e+01   1.0490627e+02   1.0735590e+02   9.0517627e+01   6.5783436e+01   3.1512311e+01   4.1501119e+01   4.8279239e+01   5.1822888e+01   5.3416340e+01   5.1799105e+01   4.9301903e+01
   7.5677112e+01   8.8163123e+01   1.0621433e+02   1.3047286e+02   1.6476777e+02   2.0909905e+02   2.5214605e+02   2.5500000e+02   2.5007694e+02   1.9428232e+02   1.5175853e+02   1.2407527e+02   1.0476357e+02   9.0446279e+01   7.8364578e+01
   8.1789312e+01   9.1873251e+01   1.0364578e+02   1.1639340e+02   1.2933128e+02   1.4436206e+02   1.7525602e+02   2.1587717e+02   2.2353525e+02   2.0560297e+02   1.8001259e+02   1.4873811e+02   1.2050783e+02   9.8722720e+01   8.2597929e+01
   5.0348349e+01   4.9658646e+01   4.7470621e+01   4.1667599e+01   3.2867935e+01   2.1523503e+01   8.5618355e+00   5.5176273e+00   3.2178232e+01   6.9897874e+01   8.9114438e+01   9.4465585e+01   9.0065753e+01   8.1099608e+01   7.0373531e+01
   2.1499720e+01   1.6529099e+01   1.0440683e+01   4.8992725e+00   1.9739787e+00   9.5131505e-01   9.0374930e-01   1.2129267e+00   3.7814773e+00   1.2271964e+01   2.8634583e+01   4.3451315e+01   5.2679071e+01   5.6484331e+01   5.6341634e+01
   5.8505876e+00   3.5436486e+00   1.6172356e+00   7.6105204e-01   6.8970341e-01   6.4213766e-01   5.7078903e-01   5.7078903e-01   1.3318411e+00   3.8528260e+00   9.6082820e+00   1.7860940e+01   2.6684387e+01   3.3272244e+01   3.7458030e+01
   1.9977616e+00   1.0940123e+00   9.5131505e-01   8.3240067e-01   7.6105204e-01   6.4213766e-01   4.7565753e-01   4.7565753e-01   6.6592054e-01   1.5696698e+00   3.6387801e+00   7.8483492e+00   1.3080582e+01   1.9145215e+01   2.3497482e+01
   1.2367096e+00   1.0702294e+00   1.0226637e+00   1.0464466e+00   9.9888081e-01   9.2753218e-01   7.6105204e-01   6.1835478e-01   5.7078903e-01   8.7996642e-01   1.7123671e+00   3.2344712e+00   6.7305540e+00   1.0179071e+01   1.4769166e+01
   7.1348629e-01   5.9457191e-01   6.8970341e-01   7.6105204e-01   9.7509793e-01   9.9888081e-01   9.5131505e-01   9.0374930e-01   8.3240067e-01   9.0374930e-01   1.2367096e+00   1.9739787e+00   2.9490767e+00   5.8981533e+00   8.6094012e+00
