   1.8247321e+02   1.9508656e+02   2.0244435e+02   2.0959192e+02   2.1673949e+02   2.2472795e+02   2.2767106e+02   2.2640973e+02   2.1926216e+02   2.1610882e+02   2.1148392e+02   2.0475680e+02   1.9802968e+02   1.8751855e+02   1.7700742e+02
   1.9992168e+02   2.0854081e+02   2.1694971e+02   2.2409728e+02   2.3103462e+02   2.3692086e+02   2.4490932e+02   2.5037510e+02   2.5142622e+02   2.4764221e+02   2.3797197e+02   2.2619951e+02   2.1694971e+02   2.0643858e+02   1.9802968e+02
   2.1253504e+02   2.2052350e+02   2.2704040e+02   2.3292663e+02   2.3965375e+02   2.4722176e+02   2.5100577e+02   2.5352844e+02   2.5352844e+02   2.5289777e+02   2.5184666e+02   2.4827288e+02   2.4007420e+02   2.3145507e+02   2.2052350e+02
   2.2115416e+02   2.2704040e+02   2.3418796e+02   2.4175598e+02   2.4575021e+02   2.4638087e+02   2.4827288e+02   2.4953421e+02   2.4995466e+02   2.4974444e+02   2.4974444e+02   2.4932399e+02   2.4659110e+02   2.4259687e+02   2.3755153e+02
   2.2640973e+02   2.3460841e+02   2.3923331e+02   2.4322754e+02   2.4490932e+02   2.4680132e+02   2.4722176e+02   2.4848310e+02   2.4869332e+02   2.4869332e+02   2.4848310e+02   2.4743199e+02   2.4680132e+02   2.4364798e+02   2.4028442e+02
   2.3439819e+02   2.3818219e+02   2.4112531e+02   2.4154575e+02   2.4322754e+02   2.4364798e+02   2.4406843e+02   2.4575021e+02   2.4511954e+02   2.4575021e+02   2.4596043e+02   2.4575021e+02   2.4532976e+02   2.4427865e+02   2.4091509e+02
   2.3629019e+02   2.3860264e+02   2.4049464e+02   2.4070486e+02   2.4091509e+02   2.4238664e+02   2.4280709e+02   2.4553998e+02   2.4427865e+02   2.4385820e+02   2.4406843e+02   2.4364798e+02   2.4364798e+02   2.4343776e+02   2.4175598e+02
   2.3902308e+02   2.4049464e+02   2.4133553e+02   2.4154575e+02   2.4196620e+02   2.4343776e+02   2.4553998e+02   2.4827288e+02   2.4659110e+02   2.4575021e+02   2.4511954e+02   2.4490932e+02   2.4511954e+02   2.4406843e+02   2.4364798e+02
   2.3544930e+02   2.3650041e+02   2.3713108e+02   2.3755153e+02   2.3797197e+02   2.4028442e+02   2.4238664e+02   2.4490932e+02   2.4448887e+02   2.4385820e+02   2.4406843e+02   2.4343776e+02   2.4301731e+02   2.4217642e+02   2.4112531e+02
   2.3271641e+02   2.3481863e+02   2.3629019e+02   2.3692086e+02   2.3692086e+02   2.3776175e+02   2.3881286e+02   2.4217642e+02   2.3986397e+02   2.4070486e+02   2.4070486e+02   2.4070486e+02   2.3986397e+02   2.3860264e+02   2.3776175e+02
   2.2935284e+02   2.3292663e+02   2.3439819e+02   2.3460841e+02   2.3481863e+02   2.3586974e+02   2.3692086e+02   2.3860264e+02   2.3734130e+02   2.3713108e+02   2.3755153e+02   2.3713108e+02   2.3650041e+02   2.3376752e+02   2.3103462e+02
   2.1905194e+02   2.2430750e+02   2.2893240e+02   2.3040396e+02   2.3187552e+02   2.3271641e+02   2.3250618e+02   2.3355730e+02   2.3355730e+02   2.3397774e+02   2.3187552e+02   2.3124485e+02   2.2872218e+02   2.2556884e+02   2.2325639e+02
   1.9025144e+02   2.0076257e+02   2.0959192e+02   2.1905194e+02   2.2325639e+02   2.2514839e+02   2.2472795e+02   2.2283594e+02   2.2157461e+02   2.2073372e+02   2.1884171e+02   2.1694971e+02   2.1547815e+02   2.0980214e+02   2.0517725e+02
   1.5703627e+02   1.6817807e+02   1.7112119e+02   1.7574608e+02   1.8184254e+02   1.8751855e+02   1.9151278e+02   1.9298434e+02   1.9508656e+02   1.9634790e+02   1.9508656e+02   1.9550701e+02   1.9256389e+02   1.8920033e+02   1.8247321e+02
   1.1415087e+02   1.2255977e+02   1.3180956e+02   1.3958780e+02   1.4505359e+02   1.4820692e+02   1.5093982e+02   1.5283182e+02   1.5682605e+02   1.6187139e+02   1.6208162e+02   1.6208162e+02   1.5976917e+02   1.5703627e+02   1.5178071e+02
