   2.0586776e+00   2.0816796e+00   2.1621865e+00   2.4727133e+00   3.1512719e+00   5.3364604e+00   1.1926529e+01   2.9753067e+01   5.4434196e+01   7.1294651e+01   6.6993280e+01   4.9396762e+01   3.1397709e+01   1.7987552e+01   1.0580913e+01
   2.0701786e+00   2.1736875e+00   2.0816796e+00   2.2886975e+00   3.0017590e+00   5.5549793e+00   1.4019710e+01   3.6837678e+01   6.5371640e+01   7.7252165e+01   6.4244543e+01   4.1898115e+01   2.4071577e+01   1.3341151e+01   7.5216489e+00
   2.0931806e+00   2.1851885e+00   2.1046816e+00   2.2541945e+00   2.8637471e+00   6.0380209e+00   1.7550514e+01   4.6820539e+01   7.7056648e+01   7.9299342e+01   5.6711393e+01   3.3226367e+01   1.7516011e+01   9.0857839e+00   5.4284683e+00
   1.9436677e+00   2.0701786e+00   2.0701786e+00   2.1391846e+00   2.8752481e+00   7.4066390e+00   2.2875474e+01   6.0000677e+01   8.7856080e+01   7.5043974e+01   4.6464009e+01   2.4508614e+01   1.2087543e+01   6.3025437e+00   3.8643334e+00
   1.8861627e+00   1.9551687e+00   2.1046816e+00   2.1046816e+00   3.0477629e+00   1.0293388e+01   3.0535134e+01   7.7355674e+01   9.3204041e+01   6.5268131e+01   3.5538066e+01   1.7205484e+01   7.9471856e+00   4.3128721e+00   2.8637471e+00
   1.7711528e+00   1.8631607e+00   2.0586776e+00   2.0931806e+00   3.5883096e+00   1.4859282e+01   4.0126962e+01   9.7390402e+01   8.7614559e+01   5.2456026e+01   2.5589708e+01   1.1098458e+01   4.9799296e+00   2.9097510e+00   2.0931806e+00
   1.7481508e+00   1.7136478e+00   1.9666697e+00   2.2886975e+00   5.5319773e+00   2.0897303e+01   5.7136929e+01   1.1241070e+02   7.3790366e+01   3.9436902e+01   1.6549928e+01   6.6245715e+00   3.3467887e+00   2.1736875e+00   1.7136478e+00
   1.7136478e+00   1.7136478e+00   1.7711528e+00   2.8637471e+00   1.0569412e+01   2.6866318e+01   7.9184332e+01   1.1061654e+02   5.7665975e+01   2.6544290e+01   1.0592414e+01   4.0368483e+00   2.2541945e+00   1.7366498e+00   1.5641349e+00
   1.7826538e+00   1.7711528e+00   2.1851885e+00   5.1409435e+00   1.7216985e+01   4.4922876e+01   1.0770679e+02   8.5601885e+01   4.6728531e+01   1.6492423e+01   6.4405557e+00   2.5762223e+00   1.6906459e+00   1.5526340e+00   1.4721270e+00
   1.9091647e+00   2.0816796e+00   3.4387967e+00   9.5458236e+00   2.6302769e+01   6.7211799e+01   1.0769529e+02   6.8120377e+01   3.2329289e+01   1.2110545e+01   4.0368483e+00   1.8056558e+00   1.5756359e+00   1.4606260e+00   1.4146220e+00
   2.2081905e+00   3.1167689e+00   5.9920170e+00   1.5940375e+01   4.0126962e+01   8.5509877e+01   9.4549657e+01   5.5354276e+01   2.3151497e+01   8.3497204e+00   2.8292441e+00   1.6561429e+00   1.5066300e+00   1.4491250e+00   1.2766101e+00
   2.8177431e+00   4.4163810e+00   9.9023543e+00   2.4968654e+01   5.6124842e+01   9.1593902e+01   7.9195833e+01   4.2507667e+01   1.7239987e+01   5.7619971e+00   2.3462024e+00   1.6446419e+00   1.4376240e+00   1.3456161e+00   1.0810933e+00
   3.6458145e+00   6.9235973e+00   1.5560843e+01   3.6412141e+01   6.9051957e+01   8.7338535e+01   6.5084115e+01   3.2283285e+01   1.3053626e+01   4.1748602e+00   2.1046816e+00   1.5756359e+00   1.4031211e+00   1.1500992e+00   9.4308136e-01
   5.0834386e+00   1.0465903e+01   2.4140583e+01   4.8108651e+01   7.5366002e+01   7.8057234e+01   5.2582537e+01   2.4957153e+01   1.0212881e+01   3.3582897e+00   1.9896717e+00   1.5871369e+00   1.2766101e+00   1.0580913e+00   9.2007938e-01
   7.5101479e+00   1.6147393e+01   3.3559895e+01   5.6734395e+01   7.4411420e+01   6.7924860e+01   4.2381156e+01   1.9850713e+01   8.3037164e+00   3.0247610e+00   1.8171568e+00   1.5181310e+00   1.2191052e+00   9.4308136e-01   8.5107343e-01
