   1.2314419e+00   3.3282214e+00   9.5020720e+00   2.3763501e+01   4.7435475e+01   7.9211668e+01   1.1826003e+02   1.1879254e+02   6.2612164e+01   2.3472281e+01   8.1042190e+00   2.4462427e+00   1.0567103e+00   6.0740040e-01   5.1587431e-01
   7.3220870e-01   1.5892257e+00   5.7162202e+00   1.7506444e+01   4.2318335e+01   8.1383333e+01   1.3243825e+02   1.3342007e+02   6.5848860e+01   2.0959474e+01   6.2736973e+00   1.7473162e+00   6.5732372e-01   4.3266878e-01   4.4098933e-01
   4.9091265e-01   7.4884981e-01   2.9787581e+00   1.1191144e+01   3.5345711e+01   8.1042190e+01   1.4863837e+02   1.5001126e+02   6.9077234e+01   1.8321859e+01   4.7926388e+00   1.2397625e+00   4.5763044e-01   3.6610435e-01   4.4098933e-01
   3.2450158e-01   4.3266878e-01   1.3063269e+00   6.5149933e+00   2.6434398e+01   7.7331223e+01   1.6587023e+02   1.6897380e+02   7.1481874e+01   1.6283323e+01   3.7692107e+00   9.2358143e-01   3.9938656e-01   3.4114269e-01   4.3266878e-01
   2.9953992e-01   2.7457826e-01   6.2404150e-01   3.6277613e+00   1.7223546e+01   6.9892649e+01   1.8228668e+02   1.9056563e+02   7.4119490e+01   1.5010278e+01   3.1618103e+00   7.0724704e-01   3.6610435e-01   3.3282214e-01   3.9938656e-01
   2.4129605e-01   1.7473162e-01   3.1618103e-01   1.7389957e+00   1.0101152e+01   5.7736320e+01   1.9683933e+02   2.1409616e+02   7.6698861e+01   1.4502725e+01   2.6875387e+00   6.6564427e-01   3.5778380e-01   3.5778380e-01   3.9938656e-01
   1.8305217e-01   1.4144941e-01   2.0801383e-01   7.0724704e-01   6.4733905e+00   4.0629262e+01   2.0859627e+02   2.3690280e+02   7.9219989e+01   1.5642640e+01   2.8206676e+00   6.2404150e-01   4.0770712e-01   3.7442490e-01   3.9938656e-01
   1.3312885e-01   1.3312885e-01   1.7473162e-01   2.9121937e-01   4.7510360e+00   2.0701537e+01   2.2047802e+02   2.5500000e+02   8.7906647e+01   1.7922472e+01   3.1368486e+00   5.7411818e-01   4.0770712e-01   3.4114269e-01   4.0770712e-01
   1.1648775e-01   1.2480830e-01   1.5809051e-01   2.0801383e-01   3.5695174e+00   2.2082749e+01   1.9413515e+02   2.4439129e+02   9.8740007e+01   2.2174275e+01   3.8440957e+00   6.5732372e-01   3.7442490e-01   3.4946324e-01   3.9938656e-01
   1.1648775e-01   1.0816719e-01   1.9137273e-01   2.3297550e-01   2.9371553e+00   2.5053186e+01   1.6793373e+02   2.2900659e+02   1.0848338e+02   2.8289882e+01   5.8493490e+00   9.5686364e-01   3.8274546e-01   3.2450158e-01   4.3266878e-01
   9.9846641e-02   1.1648775e-01   2.0801383e-01   3.5778380e-01   3.1618103e+00   2.8148432e+01   1.4594251e+02   2.0893742e+02   1.1380853e+02   3.5528763e+01   9.3523020e+00   1.5393024e+00   5.0755376e-01   3.1618103e-01   4.2434822e-01
   8.3205534e-02   1.2480830e-01   2.0801383e-01   4.8259210e-01   3.8274546e+00   3.0902535e+01   1.2932636e+02   1.8509071e+02   1.1474043e+02   4.2850850e+01   1.4402878e+01   2.6459360e+00   6.9060593e-01   3.4114269e-01   4.0770712e-01
   8.3205534e-02   1.2480830e-01   1.7473162e-01   7.0724704e-01   5.1421020e+00   3.3107482e+01   1.1603844e+02   1.6243384e+02   1.1120420e+02   4.9082944e+01   2.0110778e+01   5.0672170e+00   9.4022253e-01   3.9938656e-01   4.0770712e-01
   1.0816719e-01   1.5809051e-01   2.1633439e-01   1.1815186e+00   7.0475087e+00   3.4996248e+01   1.0445623e+02   1.4287222e+02   1.0376562e+02   5.4241688e+01   2.5926844e+01   8.8197866e+00   1.6641107e+00   5.4915652e-01   4.4098933e-01
   1.5809051e-01   1.7473162e-01   3.4946324e-01   1.9636506e+00   9.5103925e+00   3.6136163e+01   9.4429961e+01   1.2622280e+02   9.4796065e+01   5.6604725e+01   3.1335204e+01   1.3312885e+01   3.4447091e+00   8.9861977e-01   4.9091265e-01
