   1.1143246e+02   1.1392928e+02   1.1564007e+02   1.1369810e+02   1.0791840e+02   9.7884859e+01   8.8221215e+01   7.6985494e+01   6.7460562e+01   6.0524932e+01   5.4930190e+01   4.9566636e+01   4.7116047e+01   4.4203083e+01   4.2122393e+01
   1.1656482e+02   1.2326927e+02   1.2706074e+02   1.2988123e+02   1.2789302e+02   1.2017135e+02   1.0828830e+02   9.4833182e+01   8.1470535e+01   6.8154125e+01   6.1449683e+01   5.5531278e+01   5.1416138e+01   4.7532185e+01   4.5405258e+01
   1.1767452e+02   1.2909519e+02   1.3741795e+02   1.4379873e+02   1.4703536e+02   1.4661922e+02   1.3801904e+02   1.2183590e+02   1.0209248e+02   8.5308250e+01   7.2407978e+01   6.3437897e+01   5.7843155e+01   5.3404352e+01   4.9335449e+01
   1.1688849e+02   1.3168450e+02   1.4504714e+02   1.5591296e+02   1.6608522e+02   1.7297461e+02   1.7089393e+02   1.5679148e+02   1.3316410e+02   1.0486673e+02   8.4938350e+01   7.1621940e+01   6.4223935e+01   5.8305530e+01   5.2572076e+01
   1.1143246e+02   1.3048232e+02   1.4754397e+02   1.6446691e+02   1.7963282e+02   1.9230190e+02   1.9669447e+02   1.9271804e+02   1.7343699e+02   1.4060834e+02   1.0500544e+02   8.4059837e+01   7.3378966e+01   6.3807797e+01   5.6687217e+01
   1.0070535e+02   1.2461015e+02   1.4726655e+02   1.7218858e+02   1.9137715e+02   2.0746782e+02   2.1287761e+02   2.1435721e+02   2.0640435e+02   1.8185222e+02   1.3644696e+02   1.0371079e+02   8.1840435e+01   6.9402539e+01   6.1218495e+01
   8.7527652e+01   1.1087761e+02   1.4111695e+02   1.7010789e+02   1.9419764e+02   2.1505077e+02   2.2730372e+02   2.3151133e+02   2.2351224e+02   2.0705168e+02   1.7112511e+02   1.2895648e+02   9.8717135e+01   7.8650045e+01   6.7599275e+01
   7.3841342e+01   9.3307344e+01   1.2188214e+02   1.6123028e+02   1.9248685e+02   2.1592928e+02   2.3386945e+02   2.4015775e+02   2.3215866e+02   2.1750136e+02   1.9253309e+02   1.5679148e+02   1.1975521e+02   9.2752493e+01   7.6569356e+01
   6.5888486e+01   7.7031732e+01   9.8023572e+01   1.3408885e+02   1.7972529e+02   2.1042702e+02   2.2818223e+02   2.3567271e+02   2.3257480e+02   2.2046056e+02   2.0043971e+02   1.7380689e+02   1.4148685e+02   1.1069266e+02   8.8452403e+01
   6.1449683e+01   6.7229374e+01   8.0592022e+01   1.0560653e+02   1.4250408e+02   1.9697189e+02   2.1384859e+02   2.2291115e+02   2.2244878e+02   2.1546691e+02   2.0053218e+02   1.8037262e+02   1.5577425e+02   1.2826292e+02   1.0273980e+02
   5.7473255e+01   6.2975521e+01   6.9495014e+01   8.2811423e+01   1.0967543e+02   1.4476972e+02   1.9063735e+02   2.0464733e+02   2.0774524e+02   2.0400000e+02   1.9493744e+02   1.8083500e+02   1.6016682e+02   1.3991478e+02   1.1416047e+02
   5.3450589e+01   5.8259293e+01   6.2420671e+01   7.1344515e+01   8.7296464e+01   1.1212602e+02   1.4301269e+02   1.7602629e+02   1.8790934e+02   1.8800181e+02   1.8444152e+02   1.7315956e+02   1.5924207e+02   1.4268903e+02   1.2442520e+02
   5.1046238e+01   5.4329102e+01   5.8398005e+01   6.4408885e+01   7.3240254e+01   8.8221215e+01   1.0898187e+02   1.3358024e+02   1.5850227e+02   1.6714869e+02   1.6853581e+02   1.6460562e+02   1.5443336e+02   1.4310517e+02   1.2854034e+02
   4.8087035e+01   5.2017226e+01   5.5115141e+01   5.8721668e+01   6.5657298e+01   7.5505893e+01   8.7527652e+01   1.0588395e+02   1.2530372e+02   1.4194923e+02   1.4994832e+02   1.5087307e+02   1.4680417e+02   1.3843518e+02   1.2914143e+02
   4.5220308e+01   4.8271985e+01   5.1832276e+01   5.4375340e+01   6.0155032e+01   6.5842248e+01   7.3471442e+01   8.6464189e+01   1.0149139e+02   1.1679601e+02   1.2863282e+02   1.3542974e+02   1.3566092e+02   1.3163826e+02   1.2548867e+02
