   1.6648013e-01   1.9026301e-01   1.6648013e-01   1.1891438e-01   9.5131505e-02   9.5131505e-02   7.1348629e-02   7.1348629e-02   4.7565753e-02   2.3782876e-02   2.3782876e-02   2.3782876e-02   0.0000000e+00   2.3782876e-02   4.7565753e-02
   1.1891438e-01   1.4269726e-01   1.4269726e-01   1.4269726e-01   1.4269726e-01   1.4269726e-01   1.1891438e-01   7.1348629e-02   4.7565753e-02   2.3782876e-02   0.0000000e+00   0.0000000e+00   4.7565753e-02   9.5131505e-02   1.1891438e-01
   9.5131505e-02   7.1348629e-02   7.1348629e-02   7.1348629e-02   9.5131505e-02   9.5131505e-02   9.5131505e-02   7.1348629e-02   7.1348629e-02   4.7565753e-02   2.3782876e-02   0.0000000e+00   0.0000000e+00   0.0000000e+00   4.7565753e-02
   7.1348629e-02   7.1348629e-02   4.7565753e-02   4.7565753e-02   7.1348629e-02   9.5131505e-02   9.5131505e-02   9.5131505e-02   7.1348629e-02   7.1348629e-02   4.7565753e-02   4.7565753e-02   2.3782876e-02   2.3782876e-02   9.5131505e-02
   1.4269726e-01   4.7565753e-02   7.1348629e-02   7.1348629e-02   9.5131505e-02   1.1891438e-01   1.1891438e-01   1.1891438e-01   1.1891438e-01   1.4269726e-01   1.4269726e-01   9.5131505e-02   4.7565753e-02   9.5131505e-02   2.6161164e-01
   1.1891438e-01   7.1348629e-02   9.5131505e-02   9.5131505e-02   9.5131505e-02   1.1891438e-01   1.4269726e-01   1.4269726e-01   1.9026301e-01   1.9026301e-01   2.1404589e-01   3.0917739e-01   4.0430890e-01   5.2322328e-01   7.3726917e-01
   2.1404589e-01   1.9026301e-01   1.1891438e-01   9.5131505e-02   1.1891438e-01   1.4269726e-01   1.9026301e-01   1.9026301e-01   2.1404589e-01   2.3782876e-01   3.3296027e-01   4.0430890e-01   6.4213766e-01   8.3240067e-01   9.5131505e-01
   2.1404589e-01   1.6648013e-01   7.1348629e-02   9.5131505e-02   9.5131505e-02   1.4269726e-01   1.6648013e-01   2.1404589e-01   2.6161164e-01   3.3296027e-01   5.2322328e-01   7.3726917e-01   8.7996642e-01   8.5618355e-01   6.8970341e-01
   1.9026301e-01   1.4269726e-01   1.1891438e-01   9.5131505e-02   1.9026301e-01   1.6648013e-01   1.6648013e-01   1.9026301e-01   2.1404589e-01   3.0917739e-01   5.9457191e-01   7.3726917e-01   9.9888081e-01   9.2753218e-01   7.8483492e-01
   1.4269726e-01   9.5131505e-02   9.5131505e-02   1.1891438e-01   1.4269726e-01   1.6648013e-01   1.6648013e-01   1.6648013e-01   1.9026301e-01   2.6161164e-01   3.5674314e-01   5.2322328e-01   7.1348629e-01   9.2753218e-01   9.2753218e-01
   1.4269726e-01   9.5131505e-02   9.5131505e-02   1.6648013e-01   1.6648013e-01   1.6648013e-01   1.4269726e-01   1.4269726e-01   2.1404589e-01   2.3782876e-01   2.3782876e-01   3.5674314e-01   5.2322328e-01   6.4213766e-01   8.3240067e-01
   2.3782876e-01   1.9026301e-01   1.9026301e-01   2.3782876e-01   2.1404589e-01   1.6648013e-01   1.6648013e-01   1.9026301e-01   2.1404589e-01   2.1404589e-01   2.1404589e-01   2.1404589e-01   2.3782876e-01   3.0917739e-01   4.5187465e-01
   2.3782876e-01   2.1404589e-01   1.9026301e-01   1.6648013e-01   1.9026301e-01   1.6648013e-01   1.9026301e-01   2.1404589e-01   2.3782876e-01   2.6161164e-01   2.6161164e-01   2.6161164e-01   2.6161164e-01   2.6161164e-01   3.0917739e-01
   2.1404589e-01   2.1404589e-01   1.9026301e-01   1.6648013e-01   1.4269726e-01   1.1891438e-01   1.4269726e-01   1.4269726e-01   1.6648013e-01   2.1404589e-01   2.3782876e-01   2.3782876e-01   2.3782876e-01   2.3782876e-01   2.3782876e-01
   3.3296027e-01   2.6161164e-01   2.1404589e-01   1.1891438e-01   9.5131505e-02   9.5131505e-02   9.5131505e-02   1.1891438e-01   1.4269726e-01   1.6648013e-01   1.9026301e-01   2.1404589e-01   2.1404589e-01   2.1404589e-01   2.6161164e-01
