   3.3283340e+01   4.7134171e+01   6.6566680e+01   9.0908999e+01   1.2522598e+02   1.5856101e+02   1.7825193e+02   1.8166295e+02   1.6951763e+02   1.4047223e+02   1.0987637e+02   8.1502837e+01   5.6436968e+01   4.0518849e+01   2.9303810e+01
   2.9768950e+01   4.2792866e+01   6.3155655e+01   9.1012363e+01   1.2977402e+02   1.6812221e+02   1.8993210e+02   1.9417004e+02   1.7938893e+02   1.4806952e+02   1.1266721e+02   8.0572558e+01   5.4317998e+01   3.7159505e+01   2.6202878e+01
   2.5944467e+01   3.8193150e+01   5.9382854e+01   9.0960681e+01   1.3173794e+02   1.7747669e+02   1.9970004e+02   2.0548845e+02   1.8848500e+02   1.5639035e+02   1.1519964e+02   7.8970409e+01   5.0906972e+01   3.4265302e+01   2.3360357e+01
   2.2636806e+01   3.4213620e+01   5.4576409e+01   8.9203486e+01   1.3504560e+02   1.8579753e+02   2.0915788e+02   2.1510134e+02   1.9913154e+02   1.6445278e+02   1.1742197e+02   7.7574990e+01   4.7599311e+01   3.1526145e+01   2.1138022e+01
   1.9690920e+01   2.9872315e+01   5.1217065e+01   8.5275638e+01   1.3902513e+02   1.9241285e+02   2.1665180e+02   2.2316376e+02   2.1008816e+02   1.7427240e+02   1.1995440e+02   7.4784151e+01   4.5273612e+01   2.9045399e+01   1.9277463e+01
   1.8967369e+01   2.7081475e+01   4.9253141e+01   8.1554520e+01   1.3964532e+02   1.9944163e+02   2.2254358e+02   2.2993413e+02   2.1871909e+02   1.8553912e+02   1.1861066e+02   7.4112282e+01   4.3361370e+01   2.7029793e+01   1.7520268e+01
   1.8553912e+01   2.6047831e+01   4.6462302e+01   8.0262465e+01   1.3396028e+02   2.0585022e+02   2.2569619e+02   2.3443048e+02   2.2321544e+02   1.9721929e+02   1.1855898e+02   7.2406769e+01   4.2224362e+01   2.4652412e+01   1.5556344e+01
   1.9329145e+01   2.6719700e+01   4.5893798e+01   8.0159100e+01   1.2646636e+02   2.0827929e+02   2.2574787e+02   2.3654945e+02   2.2435245e+02   2.0414471e+02   1.2186664e+02   7.2665180e+01   4.2327726e+01   2.2585124e+01   1.4884475e+01
   2.0569518e+01   2.8218484e+01   4.7082489e+01   7.8970409e+01   1.2248683e+02   2.0001013e+02   2.2440413e+02   2.3577422e+02   2.2466255e+02   2.0388630e+02   1.2594953e+02   7.4525740e+01   4.2792866e+01   2.1086340e+01   1.4522700e+01
   2.2585124e+01   3.0492501e+01   4.9304824e+01   7.8246859e+01   1.2228010e+02   1.8569416e+02   2.2202675e+02   2.3360357e+02   2.2409404e+02   1.9814957e+02   1.3085934e+02   7.8350223e+01   4.4395014e+01   2.3205310e+01   1.4832793e+01
   2.5065869e+01   3.4368666e+01   5.0803608e+01   7.8763681e+01   1.2233178e+02   1.7644305e+02   2.1303405e+02   2.2714329e+02   2.2001115e+02   1.9070734e+02   1.3520065e+02   8.1296109e+01   4.6462302e+01   2.6668018e+01   1.6434941e+01
   2.7598298e+01   3.7676328e+01   5.3542764e+01   8.0779287e+01   1.1938589e+02   1.6910418e+02   2.0259424e+02   2.1846068e+02   2.1200041e+02   1.8455715e+02   1.3499392e+02   8.5792460e+01   5.1527158e+01   3.0337454e+01   1.9019051e+01
   3.0285772e+01   4.0260438e+01   5.5868464e+01   8.2329753e+01   1.1690515e+02   1.6181698e+02   1.9215444e+02   2.0688387e+02   2.0295602e+02   1.7783847e+02   1.3318504e+02   8.9461897e+01   5.6436968e+01   3.5040535e+01   2.2171666e+01
   3.3076611e+01   4.2689501e+01   5.9589582e+01   8.2794893e+01   1.1442440e+02   1.5406465e+02   1.8279996e+02   1.9613397e+02   1.9246453e+02   1.6946595e+02   1.3085934e+02   9.2201054e+01   6.1243413e+01   3.9795298e+01   2.5427645e+01
   3.5505675e+01   4.5635387e+01   6.1708553e+01   8.2846575e+01   1.1142683e+02   1.4553709e+02   1.7308370e+02   1.8435043e+02   1.8124949e+02   1.5980138e+02   1.2832692e+02   9.2821240e+01   6.5584718e+01   4.5376976e+01   2.8942035e+01
