   1.6076087e+02   1.6630435e+02   1.7534897e+02   1.8556064e+02   1.9402174e+02   2.0481693e+02   2.1502860e+02   2.2028032e+02   2.2669908e+02   2.2728261e+02   2.2465675e+02   2.1882151e+02   2.1590389e+02   2.1211098e+02   2.0656751e+02
   1.6630435e+02   1.7768307e+02   1.8877002e+02   1.9956522e+02   2.1006865e+02   2.1823799e+02   2.2582380e+02   2.3340961e+02   2.3574371e+02   2.3574371e+02   2.3428490e+02   2.3165904e+02   2.2611556e+02   2.1940503e+02   2.1415332e+02
   1.8118421e+02   1.9402174e+02   2.0423341e+02   2.1298627e+02   2.2203089e+02   2.3078375e+02   2.3924485e+02   2.4391304e+02   2.4362128e+02   2.4362128e+02   2.4303776e+02   2.4012014e+02   2.3807780e+02   2.3195080e+02   2.2319794e+02
   1.9752288e+02   2.0802632e+02   2.1619565e+02   2.2407323e+02   2.3253432e+02   2.4041190e+02   2.4478833e+02   2.4653890e+02   2.4566362e+02   2.4478833e+02   2.4274600e+02   2.3924485e+02   2.3516018e+02   2.3370137e+02   2.2728261e+02
   2.0452517e+02   2.1502860e+02   2.2640732e+02   2.3399314e+02   2.4041190e+02   2.4303776e+02   2.4624714e+02   2.4828947e+02   2.4683066e+02   2.4391304e+02   2.4274600e+02   2.3836957e+02   2.3457666e+02   2.2903318e+02   2.2640732e+02
   2.1269451e+02   2.2378146e+02   2.2932494e+02   2.3778604e+02   2.4128719e+02   2.4362128e+02   2.4624714e+02   2.4683066e+02   2.4508009e+02   2.4391304e+02   2.4216247e+02   2.3953661e+02   2.3516018e+02   2.2874142e+02   2.2407323e+02
   2.1765446e+02   2.2699085e+02   2.3224256e+02   2.3749428e+02   2.3982838e+02   2.4157895e+02   2.4420481e+02   2.4653890e+02   2.4362128e+02   2.4099542e+02   2.4099542e+02   2.4012014e+02   2.3749428e+02   2.3078375e+02   2.2640732e+02
   2.1794622e+02   2.2553204e+02   2.3195080e+02   2.3574371e+02   2.3836957e+02   2.3924485e+02   2.4128719e+02   2.4595538e+02   2.4128719e+02   2.3924485e+02   2.3778604e+02   2.3749428e+02   2.3428490e+02   2.3253432e+02   2.2699085e+02
   2.1240275e+02   2.2232265e+02   2.2757437e+02   2.3282609e+02   2.3545195e+02   2.3749428e+02   2.3778604e+02   2.4099542e+02   2.3778604e+02   2.3749428e+02   2.3632723e+02   2.3311785e+02   2.3107551e+02   2.2932494e+02   2.2728261e+02
   2.0510870e+02   2.1502860e+02   2.2144737e+02   2.2669908e+02   2.3224256e+02   2.3457666e+02   2.3632723e+02   2.3661899e+02   2.3516018e+02   2.3486842e+02   2.3370137e+02   2.3136728e+02   2.2932494e+02   2.2640732e+02   2.2232265e+02
   1.9577231e+02   2.0569222e+02   2.1356979e+02   2.2144737e+02   2.2640732e+02   2.3107551e+02   2.3224256e+02   2.3282609e+02   2.3049199e+02   2.2961670e+02   2.2844966e+02   2.2553204e+02   2.2407323e+02   2.1736270e+02   2.0860984e+02
   1.8089245e+02   1.8847826e+02   2.0073227e+02   2.0773455e+02   2.1386156e+02   2.2057208e+02   2.2203089e+02   2.2232265e+02   2.2028032e+02   2.1998856e+02   2.1794622e+02   2.1707094e+02   2.0948513e+02   2.0219108e+02   1.9402174e+02
   1.5901030e+02   1.7038902e+02   1.7768307e+02   1.8556064e+02   1.9518879e+02   1.9985698e+02   2.0335812e+02   2.0569222e+02   2.0335812e+02   2.0189931e+02   1.9927346e+02   1.9693936e+02   1.8906178e+02   1.8060069e+02   1.7155606e+02
   1.3741991e+02   1.4704805e+02   1.5288330e+02   1.5638444e+02   1.6134439e+02   1.6659611e+02   1.6980549e+02   1.7505721e+02   1.7418192e+02   1.7155606e+02   1.6717963e+02   1.6251144e+02   1.5638444e+02   1.5054920e+02   1.4383867e+02
   1.0678490e+02   1.1495423e+02   1.1991419e+02   1.2195652e+02   1.2370709e+02   1.2370709e+02   1.2370709e+02   1.2487414e+02   1.2545767e+02   1.2078947e+02   1.2078947e+02   1.1641304e+02   1.1553776e+02   1.1145309e+02   1.0736842e+02
