   0.0000000e+00   1.1551529e+00   1.7327293e+00   1.1551529e+00   8.6636467e-01   5.7757644e-01   5.7757644e-01   2.8878822e+00   2.5990940e+00   1.1551529e+00   8.6636467e-01   2.8878822e-01   2.8878822e-01   5.7757644e-01   5.7757644e-01
   8.6636467e-01   8.6636467e-01   1.1551529e+00   1.4439411e+00   8.6636467e-01   1.1551529e+00   1.1551529e+00   2.0215176e+00   1.7327293e+00   8.6636467e-01   5.7757644e-01   2.8878822e-01   8.6636467e-01   8.6636467e-01   2.8878822e-01
   1.1551529e+00   8.6636467e-01   1.1551529e+00   1.1551529e+00   1.4439411e+00   1.1551529e+00   1.1551529e+00   1.4439411e+00   1.4439411e+00   8.6636467e-01   5.7757644e-01   8.6636467e-01   5.7757644e-01   2.8878822e-01   8.6636467e-01
   2.0215176e+00   2.0215176e+00   1.4439411e+00   1.4439411e+00   1.1551529e+00   1.1551529e+00   1.1551529e+00   1.1551529e+00   8.6636467e-01   5.7757644e-01   5.7757644e-01   5.7757644e-01   2.8878822e-01   8.6636467e-01   2.3103058e+00
   3.7542469e+00   3.4654587e+00   2.5990940e+00   1.7327293e+00   1.4439411e+00   1.4439411e+00   1.1551529e+00   8.6636467e-01   2.8878822e-01   8.6636467e-01   8.6636467e-01   1.4439411e+00   2.8878822e+00   4.3318233e+00   4.9093998e+00
   5.4869762e+00   4.3318233e+00   4.0430351e+00   3.1766704e+00   2.5990940e+00   2.0215176e+00   1.4439411e+00   1.1551529e+00   1.4439411e+00   2.3103058e+00   3.4654587e+00   4.9093998e+00   5.7757644e+00   7.2197055e+00   7.7972820e+00
   5.7757644e+00   5.1981880e+00   4.3318233e+00   4.0430351e+00   3.7542469e+00   3.4654587e+00   4.0430351e+00   4.0430351e+00   5.1981880e+00   6.0645527e+00   6.0645527e+00   7.7972820e+00   8.0860702e+00   7.5084938e+00   7.7972820e+00
   5.4869762e+00   4.9093998e+00   4.0430351e+00   4.9093998e+00   5.1981880e+00   5.7757644e+00   6.3533409e+00   6.6421291e+00   7.5084938e+00   7.2197055e+00   6.3533409e+00   6.3533409e+00   6.3533409e+00   6.9309173e+00   7.2197055e+00
   6.3533409e+00   5.1981880e+00   4.9093998e+00   5.1981880e+00   6.0645527e+00   5.7757644e+00   5.4869762e+00   5.4869762e+00   4.9093998e+00   4.0430351e+00   4.0430351e+00   3.4654587e+00   3.4654587e+00   2.8878822e+00   2.8878822e+00
   4.6206116e+00   4.6206116e+00   5.1981880e+00   5.4869762e+00   4.0430351e+00   2.0215176e+00   2.3103058e+00   2.5990940e+00   2.8878822e+00   2.8878822e+00   2.5990940e+00   2.5990940e+00   2.5990940e+00   2.5990940e+00   1.7327293e+00
   4.6206116e+00   3.7542469e+00   2.8878822e+00   2.3103058e+00   1.7327293e+00   1.7327293e+00   2.3103058e+00   1.7327293e+00   2.0215176e+00   1.7327293e+00   1.7327293e+00   2.3103058e+00   2.0215176e+00   1.7327293e+00   2.3103058e+00
   2.0215176e+00   2.3103058e+00   2.0215176e+00   1.1551529e+00   8.6636467e-01   2.0215176e+00   2.0215176e+00   2.0215176e+00   1.7327293e+00   1.4439411e+00   1.7327293e+00   1.1551529e+00   5.7757644e-01   8.6636467e-01   1.4439411e+00
   1.4439411e+00   1.7327293e+00   1.7327293e+00   1.4439411e+00   2.3103058e+00   2.3103058e+00   2.0215176e+00   2.0215176e+00   1.7327293e+00   1.1551529e+00   1.4439411e+00   8.6636467e-01   8.6636467e-01   8.6636467e-01   8.6636467e-01
   1.4439411e+00   1.4439411e+00   1.1551529e+00   2.3103058e+00   2.8878822e+00   2.3103058e+00   1.4439411e+00   1.1551529e+00   1.4439411e+00   1.1551529e+00   1.1551529e+00   1.1551529e+00   1.1551529e+00   1.4439411e+00   1.7327293e+00
   1.4439411e+00   1.4439411e+00   2.3103058e+00   2.5990940e+00   2.5990940e+00   1.7327293e+00   1.1551529e+00   8.6636467e-01   8.6636467e-01   1.1551529e+00   1.1551529e+00   1.1551529e+00   1.4439411e+00   2.0215176e+00   3.1766704e+00
