   1.6344058e+00   1.3402128e+00   1.0133316e+00   9.4795539e-01   8.4989104e-01   8.8257916e-01   8.8257916e-01   8.1720292e-01   6.5376234e-01   4.2494552e-01   2.9419305e-01   3.2688117e-01   3.5956929e-01   5.5569799e-01   7.5182669e-01
   1.9612870e+00   1.4055890e+00   1.1113960e+00   9.8064351e-01   8.4989104e-01   8.4989104e-01   6.8645046e-01   6.8645046e-01   6.2107422e-01   6.5376234e-01   7.5182669e-01   8.8257916e-01   9.8064351e-01   1.0460197e+00   1.2421484e+00
   3.8245097e+00   2.4189207e+00   1.6997821e+00   1.1440841e+00   8.8257916e-01   8.8257916e-01   7.5182669e-01   7.8451481e-01   9.8064351e-01   9.8064351e-01   1.1113960e+00   1.3729009e+00   1.4709653e+00   1.9939751e+00   2.4842969e+00
   8.8257916e+00   6.2761184e+00   3.8571978e+00   2.4189207e+00   1.4382771e+00   1.0133316e+00   1.0133316e+00   9.1526727e-01   8.1720292e-01   1.0133316e+00   1.3075247e+00   1.9285989e+00   2.8765543e+00   4.1513908e+00   6.3088066e+00
   1.8239969e+01   1.5755672e+01   1.2911806e+01   1.0264069e+01   7.6163312e+00   5.5242918e+00   4.3475195e+00   3.7918216e+00   3.7918216e+00   4.5763364e+00   6.2107422e+00   8.6623510e+00   1.1310088e+01   1.4448148e+01   1.7390078e+01
   3.4355211e+01   3.2720805e+01   3.0563389e+01   2.8144469e+01   2.5790924e+01   2.2358672e+01   2.0462761e+01   1.9482118e+01   2.0070504e+01   2.2129855e+01   2.4908345e+01   2.7850276e+01   3.0694142e+01   3.4224458e+01   3.6185745e+01
   5.7531086e+01   5.9688501e+01   6.1649788e+01   6.2107422e+01   6.2499680e+01   6.3218818e+01   6.1192155e+01   6.0767209e+01   6.0832586e+01   6.2009358e+01   6.3480323e+01   6.3545699e+01   6.2401615e+01   5.9721190e+01   5.7465710e+01
   7.1586976e+01   7.8418792e+01   8.6492757e+01   9.6201128e+01   1.0653057e+02   1.1561787e+02   1.2153442e+02   1.2300538e+02   1.1869055e+02   1.1427766e+02   1.0901487e+02   1.0162736e+02   9.3324574e+01   8.5381361e+01   7.8320728e+01
   6.6095372e+01   7.0769773e+01   7.6588258e+01   8.2374055e+01   8.6231252e+01   8.9042430e+01   8.7931034e+01   8.6558134e+01   8.8944366e+01   9.1003717e+01   9.0709524e+01   8.8617485e+01   8.5087168e+01   8.0118575e+01   7.5542238e+01
   4.8411101e+01   4.8574542e+01   4.7070888e+01   4.4259710e+01   3.9487245e+01   3.4387899e+01   3.0138444e+01   2.9092424e+01   3.0955647e+01   3.5662736e+01   4.0075631e+01   4.3573260e+01   4.6220997e+01   4.7822715e+01   4.7822715e+01
   2.4319959e+01   2.0658890e+01   1.6670940e+01   1.2715677e+01   1.0264069e+01   8.1066530e+00   7.4528907e+00   6.7337521e+00   6.0146135e+00   6.3414947e+00   8.1720292e+00   1.1212024e+01   1.5036534e+01   1.9155237e+01   2.2979746e+01
   9.9044994e+00   7.1913857e+00   5.0012819e+00   3.5303166e+00   2.2881682e+00   1.7651583e+00   1.3729009e+00   1.2748366e+00   1.4709653e+00   1.7978464e+00   2.4189207e+00   3.3014998e+00   4.4782720e+00   6.2434303e+00   8.4335342e+00
   4.0206384e+00   2.9419305e+00   2.3862325e+00   1.8959108e+00   1.6997821e+00   1.5690296e+00   1.3402128e+00   1.3075247e+00   1.3402128e+00   1.5363415e+00   1.6670940e+00   1.8959108e+00   2.1901038e+00   2.7784899e+00   3.6283810e+00
   1.7324702e+00   1.4382771e+00   1.3729009e+00   1.1440841e+00   1.3075247e+00   1.2421484e+00   1.3075247e+00   1.2421484e+00   1.1767722e+00   1.1113960e+00   1.1440841e+00   1.4382771e+00   1.5363415e+00   1.6997821e+00   2.0593514e+00
   1.6670940e+00   1.3075247e+00   1.0787079e+00   1.0133316e+00   1.0460197e+00   1.1767722e+00   1.1767722e+00   1.2094603e+00   1.1113960e+00   1.1767722e+00   1.2421484e+00   1.2748366e+00   1.4055890e+00   1.5690296e+00   1.6997821e+00
