   6.2091006e+00   6.0150662e+00   5.6658043e+00   5.8986456e+00   6.5583625e+00   5.8598387e+00   5.0448942e+00   4.8896667e+00   4.5404048e+00   4.4239842e+00   4.5404048e+00   4.2687567e+00   3.0269365e+00   2.7164815e+00   3.0269365e+00
   5.6658043e+00   5.7434180e+00   6.1702937e+00   7.7225689e+00   7.8001826e+00   7.6837620e+00   6.0926800e+00   6.0150662e+00   5.7434180e+00   5.8210318e+00   5.6269974e+00   5.7434180e+00   4.4627911e+00   3.4538122e+00   3.7254604e+00
   4.8120530e+00   5.5493837e+00   7.5673413e+00   8.7703546e+00   1.0361437e+01   9.7793334e+00   8.6927408e+00   8.2270583e+00   7.6449551e+00   7.2180794e+00   7.1016588e+00   7.5673413e+00   6.2867144e+00   4.9284736e+00   4.8508598e+00
   5.9374524e+00   7.4121138e+00   9.1972303e+00   1.1292802e+01   1.3543601e+01   1.3621214e+01   1.1874905e+01   1.0710699e+01   9.7405266e+00   9.0031959e+00   8.0330239e+00   8.3822858e+00   8.1882514e+00   6.6747831e+00   6.0538731e+00
   6.7135900e+00   7.8389895e+00   1.0710699e+01   1.4203318e+01   1.8278040e+01   2.1460204e+01   2.1343783e+01   1.6958606e+01   1.4164511e+01   1.0633085e+01   9.5076853e+00   8.5763202e+00   8.4598996e+00   8.5375133e+00   7.9554101e+00
   6.8688175e+00   7.5673413e+00   1.0594278e+01   1.5716786e+01   2.2973672e+01   3.5508294e+01   4.5404048e+01   4.2493532e+01   2.8484249e+01   1.7269061e+01   1.2379394e+01   1.0283823e+01   1.0710699e+01   1.0594278e+01   1.0865926e+01
   6.7912038e+00   7.2568863e+00   1.0439050e+01   1.3621214e+01   2.2896058e+01   4.7848881e+01   1.1172500e+02   1.2150434e+02   7.8506316e+01   3.4460508e+01   1.8898950e+01   1.4086897e+01   1.2379394e+01   1.2301781e+01   1.2185360e+01
   5.0837011e+00   7.3733070e+00   8.8867752e+00   1.0904733e+01   1.8394461e+01   4.8353371e+01   1.5429615e+02   1.9779866e+02   1.0955182e+02   5.5066961e+01   2.5030437e+01   1.7230254e+01   1.5134683e+01   1.3698828e+01   1.3116725e+01
   4.3075635e+00   5.1613149e+00   6.0538731e+00   8.8479683e+00   1.3194339e+01   3.0929082e+01   1.0105311e+02   1.2460889e+02   8.6345305e+01   4.5753310e+01   2.6699133e+01   1.9713894e+01   1.6066048e+01   1.5134683e+01   1.4630193e+01
   4.1911429e+00   4.8508598e+00   5.3165424e+00   6.4807487e+00   9.6629128e+00   1.7889971e+01   3.5314260e+01   5.3631106e+01   4.2493532e+01   3.0346979e+01   2.2779638e+01   1.8394461e+01   1.7152640e+01   1.5289910e+01   1.4707807e+01
   3.8806879e+00   4.3463704e+00   4.9672805e+00   5.9762593e+00   7.9554101e+00   1.1292802e+01   1.6066048e+01   2.1693045e+01   2.3516968e+01   2.1887080e+01   1.9791508e+01   1.6648151e+01   1.6143662e+01   1.4940648e+01   1.3388373e+01
   3.4538122e+00   4.2687567e+00   5.4329630e+00   6.2867144e+00   7.3345001e+00   9.1972303e+00   1.0788312e+01   1.3892863e+01   1.5367524e+01   1.6958606e+01   1.6880992e+01   1.5522751e+01   1.4048090e+01   1.3233146e+01   1.2728656e+01
   3.4926191e+00   4.8896667e+00   5.4717699e+00   5.9374524e+00   6.9852382e+00   8.1494445e+00   9.1972303e+00   1.0865926e+01   1.2806270e+01   1.3815249e+01   1.5406331e+01   1.4397352e+01   1.3427180e+01   1.2340587e+01   1.0982347e+01
   2.9881297e+00   4.1523360e+00   5.0837011e+00   5.3165424e+00   6.6359763e+00   7.5285345e+00   8.3434789e+00   1.0089788e+01   1.0788312e+01   1.3698828e+01   1.4552580e+01   1.4203318e+01   1.3660021e+01   1.1603257e+01   1.0477857e+01
   3.1045503e+00   4.2687567e+00   4.6956323e+00   4.8896667e+00   6.0150662e+00   6.7135900e+00   7.9942170e+00   8.8867752e+00   9.8569472e+00   1.1486836e+01   1.3000304e+01   1.3660021e+01   1.3349566e+01   1.2107746e+01   1.1253995e+01
