   2.6477375e+00   1.9285989e+00   1.3402128e+00   1.0787079e+00   1.1440841e+00   1.1113960e+00   1.0787079e+00   9.4795539e-01   8.1720292e-01   6.2107422e-01   6.2107422e-01   6.2107422e-01   6.8645046e-01   7.8451481e-01   9.4795539e-01
   3.1053711e+00   2.5169850e+00   1.8305345e+00   1.4055890e+00   1.1440841e+00   1.1440841e+00   1.1440841e+00   1.2748366e+00   1.3075247e+00   1.2094603e+00   1.1767722e+00   1.1113960e+00   1.0460197e+00   1.2094603e+00   1.2094603e+00
   5.9165492e+00   4.1187027e+00   2.8438662e+00   2.0266632e+00   1.5036534e+00   1.3402128e+00   1.2421484e+00   1.5363415e+00   1.6017177e+00   1.5690296e+00   1.6670940e+00   1.9939751e+00   2.0593514e+00   2.2881682e+00   2.9746186e+00
   1.3696321e+01   1.0067940e+01   7.0606333e+00   4.5109601e+00   2.9746186e+00   2.1901038e+00   1.8959108e+00   1.9612870e+00   1.9612870e+00   2.2881682e+00   2.8438662e+00   3.5303166e+00   4.8378413e+00   6.5703115e+00   8.7931034e+00
   2.9288553e+01   2.5398667e+01   2.0822330e+01   1.6670940e+01   1.2715677e+01   9.4468658e+00   7.6490194e+00   6.4722471e+00   7.1913857e+00   8.4335342e+00   1.0427509e+01   1.3009871e+01   1.6769004e+01   2.0430073e+01   2.4908345e+01
   5.6648507e+01   5.4294962e+01   5.0503141e+01   4.6613255e+01   4.1906166e+01   3.8343161e+01   3.5041661e+01   3.4191770e+01   3.3799513e+01   3.4878221e+01   3.8343161e+01   4.3082938e+01   4.7365081e+01   5.0045507e+01   5.1974106e+01
   9.3128445e+01   9.9077682e+01   1.0339251e+02   1.0738046e+02   1.0894949e+02   1.0639982e+02   9.9992950e+01   9.9437252e+01   9.7574029e+01   1.0293488e+02   1.0270606e+02   1.0002564e+02   9.5089732e+01   9.0023074e+01   8.4891040e+01
   1.2761441e+02   1.4157223e+02   1.5664146e+02   1.7488143e+02   1.9472311e+02   2.1852006e+02   2.4787399e+02   2.5500000e+02   2.5382323e+02   2.2819574e+02   2.0171837e+02   1.7785604e+02   1.5703371e+02   1.3928407e+02   1.2460710e+02
   1.1081272e+02   1.2222087e+02   1.3598257e+02   1.5183630e+02   1.6873606e+02   1.8596270e+02   2.0420267e+02   2.0956352e+02   2.0792911e+02   1.9318677e+02   1.7821561e+02   1.6487886e+02   1.5131329e+02   1.3722471e+02   1.2457441e+02
   6.8154724e+01   6.9723753e+01   6.9429560e+01   6.6847199e+01   6.1878605e+01   5.4196898e+01   4.5371106e+01   4.4259710e+01   5.0143571e+01   6.1911293e+01   7.1423535e+01   7.6719010e+01   7.9203307e+01   7.9759005e+01   7.8680297e+01
   3.6708755e+01   3.2491988e+01   2.6771568e+01   2.1247276e+01   1.7488143e+01   1.5298039e+01   1.3663633e+01   1.3271375e+01   1.2617613e+01   1.3794385e+01   1.6997821e+01   2.1214588e+01   2.6640815e+01   3.2230483e+01   3.7133701e+01
   1.4186643e+01   1.1048584e+01   7.9105243e+00   5.8511729e+00   4.4128958e+00   3.2688117e+00   2.7131137e+00   2.7458018e+00   3.2361236e+00   3.4976285e+00   4.2821433e+00   5.6550442e+00   7.5836431e+00   9.9371875e+00   1.2879118e+01
   6.1453660e+00   4.6090245e+00   3.5303166e+00   2.9746186e+00   2.5823612e+00   2.3862325e+00   2.1901038e+00   2.2227919e+00   2.2554801e+00   2.2881682e+00   2.7784899e+00   3.3995642e+00   3.6937572e+00   4.4782720e+00   5.6877323e+00
   3.0399949e+00   2.5169850e+00   2.3208563e+00   2.1901038e+00   2.1901038e+00   2.1247276e+00   1.9612870e+00   1.7651583e+00   1.6670940e+00   1.7978464e+00   1.9285989e+00   2.2227919e+00   2.3535444e+00   2.7784899e+00   3.0073068e+00
   1.6997821e+00   1.6344058e+00   1.4055890e+00   1.3729009e+00   1.5363415e+00   1.6344058e+00   1.7651583e+00   1.7324702e+00   1.7651583e+00   1.8632227e+00   1.8305345e+00   1.9285989e+00   2.2554801e+00   2.3208563e+00   2.6804256e+00
