   9.1526727e-01   7.8451481e-01   5.8838610e-01   4.5763364e-01   4.5763364e-01   4.2494552e-01   3.9225740e-01   3.5956929e-01   3.5956929e-01   4.2494552e-01   4.2494552e-01   4.9032175e-01   5.5569799e-01   6.5376234e-01   7.1913857e-01
   4.9032175e-01   4.9032175e-01   4.5763364e-01   4.5763364e-01   4.2494552e-01   3.9225740e-01   4.2494552e-01   4.9032175e-01   5.2300987e-01   4.9032175e-01   5.5569799e-01   5.5569799e-01   5.5569799e-01   5.8838610e-01   5.2300987e-01
   3.9225740e-01   2.2881682e-01   1.6344058e-01   2.2881682e-01   3.2688117e-01   3.9225740e-01   4.5763364e-01   5.8838610e-01   6.2107422e-01   7.1913857e-01   6.8645046e-01   6.5376234e-01   6.2107422e-01   6.2107422e-01   8.8257916e-01
   4.5763364e-01   2.2881682e-01   2.2881682e-01   1.3075247e-01   2.6150494e-01   3.5956929e-01   2.2881682e-01   3.9225740e-01   3.9225740e-01   3.9225740e-01   4.2494552e-01   3.5956929e-01   3.2688117e-01   5.2300987e-01   8.8257916e-01
   1.1767722e+00   6.2107422e-01   4.2494552e-01   3.5956929e-01   2.6150494e-01   1.9612870e-01   1.6344058e-01   1.9612870e-01   1.6344058e-01   1.6344058e-01   2.2881682e-01   2.6150494e-01   3.2688117e-01   6.8645046e-01   1.0460197e+00
   2.0266632e+00   1.1440841e+00   5.5569799e-01   2.9419305e-01   1.3075247e-01   1.3075247e-01   2.2881682e-01   2.6150494e-01   2.2881682e-01   2.6150494e-01   2.9419305e-01   3.5956929e-01   5.5569799e-01   8.8257916e-01   1.6017177e+00
   3.4322523e+00   2.4842969e+00   1.5690296e+00   7.5182669e-01   4.5763364e-01   4.5763364e-01   4.2494552e-01   3.2688117e-01   3.2688117e-01   3.2688117e-01   3.5956929e-01   5.5569799e-01   6.8645046e-01   1.1113960e+00   1.6670940e+00
   5.9819254e+00   5.0339700e+00   3.7591334e+00   2.6150494e+00   1.8632227e+00   1.6344058e+00   1.4055890e+00   1.2421484e+00   1.2094603e+00   1.2094603e+00   1.1440841e+00   1.2094603e+00   1.3402128e+00   1.6017177e+00   2.6477375e+00
   5.7204205e+00   4.4782720e+00   3.3995642e+00   1.9612870e+00   1.0133316e+00   7.8451481e-01   5.2300987e-01   4.5763364e-01   5.5569799e-01   6.5376234e-01   7.8451481e-01   9.8064351e-01   1.3075247e+00   1.7324702e+00   2.4189207e+00
   3.8898859e+00   2.8111781e+00   1.6670940e+00   6.5376234e-01   3.2688117e-01   2.9419305e-01   1.9612870e-01   1.6344058e-01   2.2881682e-01   2.6150494e-01   2.6150494e-01   3.5956929e-01   5.8838610e-01   8.1720292e-01   1.2748366e+00
   2.6804256e+00   1.5036534e+00   5.5569799e-01   2.9419305e-01   2.2881682e-01   1.3075247e-01   9.8064351e-02   1.3075247e-01   1.6344058e-01   1.6344058e-01   1.6344058e-01   1.6344058e-01   2.6150494e-01   4.9032175e-01   9.1526727e-01
   1.5363415e+00   1.0133316e+00   5.5569799e-01   3.2688117e-01   2.6150494e-01   2.2881682e-01   1.6344058e-01   9.8064351e-02   6.5376234e-02   6.5376234e-02   3.2688117e-02   3.2688117e-02   3.2688117e-02   9.8064351e-02   2.2881682e-01
   1.0133316e+00   5.5569799e-01   2.9419305e-01   2.6150494e-01   2.6150494e-01   2.6150494e-01   2.6150494e-01   2.9419305e-01   3.2688117e-01   3.5956929e-01   3.5956929e-01   2.6150494e-01   2.9419305e-01   4.2494552e-01   5.5569799e-01
   9.8064351e-01   5.5569799e-01   3.5956929e-01   2.6150494e-01   2.6150494e-01   3.5956929e-01   4.2494552e-01   4.5763364e-01   4.9032175e-01   5.8838610e-01   6.2107422e-01   6.8645046e-01   7.1913857e-01   7.5182669e-01   8.8257916e-01
   8.8257916e-01   6.8645046e-01   5.5569799e-01   4.2494552e-01   4.2494552e-01   4.2494552e-01   4.9032175e-01   5.5569799e-01   7.1913857e-01   7.8451481e-01   8.4989104e-01   9.8064351e-01   1.0133316e+00   1.2094603e+00   1.3402128e+00
