   8.4539500e-01   6.9074958e-01   6.2889140e-01   5.8765262e-01   5.3610415e-01   4.7424598e-01   4.0207811e-01   3.4021994e-01   2.8867146e-01   2.3712299e-01   1.9588421e-01   1.7526482e-01   1.6495512e-01   1.7526482e-01   1.9588421e-01
   1.5052155e+00   8.6601439e-01   5.9796232e-01   5.5672354e-01   5.1548476e-01   5.2579445e-01   4.8455567e-01   4.1238781e-01   3.6083933e-01   2.9898116e-01   2.7836177e-01   2.4743268e-01   2.1650360e-01   2.0619390e-01   2.5774238e-01
   4.0207811e+00   2.6186626e+00   1.4949058e+00   8.5570470e-01   5.7734293e-01   4.5362659e-01   3.8145872e-01   3.8145872e-01   4.2269750e-01   4.2269750e-01   4.1238781e-01   3.8145872e-01   3.9176842e-01   4.4331689e-01   5.6703323e-01
   1.0309695e+01   7.1239994e+00   5.0311312e+00   3.3197218e+00   1.9588421e+00   1.0722083e+00   7.1136897e-01   5.5672354e-01   5.5672354e-01   5.7734293e-01   6.5982049e-01   8.9694348e-01   1.0309695e+00   1.1959246e+00   1.6907900e+00
   2.6207245e+01   2.1145185e+01   1.6144983e+01   1.1711814e+01   8.4848791e+00   6.2373656e+00   4.2579041e+00   3.1341473e+00   2.8042371e+00   2.6805207e+00   2.6599014e+00   2.9073340e+00   3.6083933e+00   4.7527695e+00   6.4435595e+00
   5.1105159e+01   4.8228754e+01   4.3207932e+01   3.7145832e+01   3.1197138e+01   2.5207205e+01   2.0763726e+01   1.7392456e+01   1.4701625e+01   1.3650036e+01   1.4041805e+01   1.5134632e+01   1.6876971e+01   1.8794574e+01   2.1052398e+01
   7.7632005e+01   8.1446592e+01   8.3828131e+01   8.3302337e+01   7.9817660e+01   7.4394760e+01   6.7796555e+01   6.2569540e+01   5.7517789e+01   5.5435231e+01   5.3383602e+01   5.2187677e+01   5.1301043e+01   5.0311312e+01   4.9012291e+01
   9.9684442e+01   1.1060241e+02   1.2299466e+02   1.3509825e+02   1.4650077e+02   1.5532587e+02   1.5861466e+02   1.5942913e+02   1.5135663e+02   1.4229441e+02   1.3108777e+02   1.1900481e+02   1.0757136e+02   9.6725560e+01   8.7230331e+01
   7.6889706e+01   8.1549689e+01   8.5972548e+01   9.0859343e+01   9.6096669e+01   1.0145771e+02   1.0354027e+02   1.0660225e+02   1.0868481e+02   1.0797344e+02   1.0468464e+02   9.9344223e+01   9.2735708e+01   8.5281798e+01   7.7992844e+01
   3.8919099e+01   3.6867470e+01   3.4156020e+01   3.0537317e+01   2.6794898e+01   2.3588583e+01   2.1877173e+01   2.2970001e+01   2.5743309e+01   3.0516698e+01   3.6692205e+01   4.2579041e+01   4.6702919e+01   4.9166936e+01   4.9579324e+01
   1.5938789e+01   1.2897429e+01   1.0103501e+01   7.8456780e+00   6.5363467e+00   5.8765262e+00   6.0621008e+00   6.5672758e+00   7.2270963e+00   8.2065173e+00   1.0649915e+01   1.3711895e+01   1.7794534e+01   2.2423587e+01   2.6485607e+01
   5.8662165e+00   4.2269750e+00   3.0413601e+00   2.2990620e+00   1.7526482e+00   1.3814992e+00   1.1443762e+00   1.1031374e+00   1.2887119e+00   1.8041967e+00   2.4949462e+00   3.8661357e+00   5.5363063e+00   7.9693944e+00   1.1041684e+01
   2.3918493e+00   1.9072936e+00   1.5361446e+00   1.2784022e+00   9.7942104e-01   8.3508531e-01   6.7013019e-01   5.5672354e-01   5.3610415e-01   5.9796232e-01   7.7322714e-01   1.0206598e+00   1.3918088e+00   2.2681329e+00   3.6496321e+00
   1.1546859e+00   8.9694348e-01   7.9384653e-01   6.5982049e-01   5.8765262e-01   5.5672354e-01   5.5672354e-01   5.4641384e-01   5.2579445e-01   4.8455567e-01   4.7424598e-01   5.2579445e-01   6.5982049e-01   8.3508531e-01   1.1237568e+00
   6.8043988e-01   5.5672354e-01   4.1238781e-01   3.4021994e-01   4.0207811e-01   4.3300720e-01   4.3300720e-01   4.4331689e-01   4.4331689e-01   4.1238781e-01   4.0207811e-01   3.8145872e-01   3.8145872e-01   4.5362659e-01   5.2579445e-01
