   3.5674314e-01   1.6648013e-01   7.1348629e-02   0.0000000e+00   0.0000000e+00   4.7565753e-02   9.5131505e-02   1.1891438e-01   9.5131505e-02   9.5131505e-02   9.5131505e-02   7.1348629e-02   7.1348629e-02   9.5131505e-02   1.1891438e-01
   5.9457191e-01   1.6648013e-01   2.3782876e-02   0.0000000e+00   0.0000000e+00   0.0000000e+00   7.1348629e-02   1.1891438e-01   1.1891438e-01   9.5131505e-02   1.1891438e-01   1.1891438e-01   7.1348629e-02   7.1348629e-02   7.1348629e-02
   1.0702294e+00   3.3296027e-01   4.7565753e-02   2.3782876e-02   0.0000000e+00   0.0000000e+00   4.7565753e-02   7.1348629e-02   9.5131505e-02   7.1348629e-02   9.5131505e-02   7.1348629e-02   7.1348629e-02   7.1348629e-02   1.1891438e-01
   1.8312815e+00   8.5618355e-01   2.8539452e-01   7.1348629e-02   2.3782876e-02   2.3782876e-02   9.5131505e-02   1.1891438e-01   1.4269726e-01   1.4269726e-01   1.4269726e-01   1.4269726e-01   9.5131505e-02   9.5131505e-02   9.5131505e-02
   2.3307219e+00   1.6410185e+00   9.2753218e-01   4.7565753e-01   1.6648013e-01   7.1348629e-02   1.1891438e-01   1.1891438e-01   1.1891438e-01   1.6648013e-01   1.6648013e-01   1.1891438e-01   1.1891438e-01   1.1891438e-01   1.1891438e-01
   2.2118075e+00   1.5934527e+00   1.3556240e+00   7.6105204e-01   3.0917739e-01   2.3782876e-01   1.1891438e-01   1.1891438e-01   1.1891438e-01   7.1348629e-02   4.7565753e-02   9.5131505e-02   9.5131505e-02   4.7565753e-02   9.5131505e-02
   2.5447678e+00   2.0928931e+00   1.6172356e+00   1.1415781e+00   7.1348629e-01   3.3296027e-01   1.4269726e-01   1.1891438e-01   1.1891438e-01   7.1348629e-02   4.7565753e-02   4.7565753e-02   9.5131505e-02   2.3782876e-01   5.7078903e-01
   2.7112479e+00   2.2593733e+00   1.9264130e+00   1.5934527e+00   1.1653609e+00   7.6105204e-01   3.8052602e-01   4.7565753e-02   1.1891438e-01   9.5131505e-02   1.6648013e-01   3.5674314e-01   2.8539452e-01   3.0917739e-01   4.9944040e-01
   3.5674314e+00   3.1155568e+00   2.6874650e+00   1.9501959e+00   1.1891438e+00   4.2809177e-01   9.5131505e-02   2.3782876e-02   2.3782876e-02   9.5131505e-02   2.1404589e-01   1.6648013e-01   4.0430890e-01   4.7565753e-01   7.6105204e-01
   3.4485171e+00   2.5923335e+00   1.8550644e+00   1.0940123e+00   4.5187465e-01   9.5131505e-02   2.3782876e-02   4.7565753e-02   2.3782876e-02   2.3782876e-02   4.7565753e-02   1.1891438e-01   2.8539452e-01   4.9944040e-01   8.0861780e-01
   1.9501959e+00   1.1415781e+00   5.4700616e-01   2.1404589e-01   9.5131505e-02   4.7565753e-02   2.3782876e-02   4.7565753e-02   2.3782876e-02   4.7565753e-02   1.1891438e-01   1.6648013e-01   1.6648013e-01   3.5674314e-01   6.4213766e-01
   5.4700616e-01   2.6161164e-01   1.4269726e-01   7.1348629e-02   2.3782876e-02   2.3782876e-02   2.3782876e-02   2.3782876e-02   4.7565753e-02   4.7565753e-02   7.1348629e-02   9.5131505e-02   1.4269726e-01   1.6648013e-01   3.5674314e-01
   2.3782876e-01   1.4269726e-01   4.7565753e-02   4.7565753e-02   2.3782876e-02   2.3782876e-02   2.3782876e-02   2.3782876e-02   2.3782876e-02   4.7565753e-02   1.1891438e-01   9.5131505e-02   9.5131505e-02   1.1891438e-01   1.9026301e-01
   1.6648013e-01   7.1348629e-02   7.1348629e-02   2.3782876e-02   2.3782876e-02   2.3782876e-02   4.7565753e-02   4.7565753e-02   7.1348629e-02   7.1348629e-02   4.7565753e-02   9.5131505e-02   4.7565753e-02   4.7565753e-02   1.4269726e-01
   1.6648013e-01   7.1348629e-02   9.5131505e-02   2.3782876e-02   0.0000000e+00   2.3782876e-02   2.3782876e-02   7.1348629e-02   9.5131505e-02   1.1891438e-01   1.4269726e-01   9.5131505e-02   1.1891438e-01   4.7565753e-02   9.5131505e-02
