   2.5789420e+01   3.6435955e+01   5.1010336e+01   6.9926024e+01   8.8945075e+01   1.0987637e+02   1.2930888e+02   1.3199635e+02   1.2047122e+02   1.0331273e+02   8.3208350e+01   6.1346777e+01   4.2792866e+01   3.1991285e+01   2.3101946e+01
   2.3412039e+01   3.3231658e+01   4.7754358e+01   6.9254155e+01   9.1115728e+01   1.1587150e+02   1.3669943e+02   1.4088569e+02   1.2729327e+02   1.0672375e+02   8.3931901e+01   6.0313133e+01   4.1552493e+01   2.9613904e+01   2.1138022e+01
   2.0569518e+01   3.0234090e+01   4.3464734e+01   6.5688083e+01   9.2769558e+01   1.2010944e+02   1.4326307e+02   1.4905148e+02   1.3277158e+02   1.1059992e+02   8.4086948e+01   5.7884070e+01   3.9020065e+01   2.7701662e+01   1.9535874e+01
   1.7985407e+01   2.7029793e+01   4.0932306e+01   6.3000608e+01   9.1115728e+01   1.2383056e+02   1.4719092e+02   1.5711390e+02   1.3706121e+02   1.1168525e+02   8.3260032e+01   5.5610053e+01   3.7366234e+01   2.5686056e+01   1.6951763e+01
   1.7313539e+01   2.3877179e+01   3.7314552e+01   6.1863600e+01   8.9771990e+01   1.2594953e+02   1.5039522e+02   1.6336745e+02   1.3969700e+02   1.1380422e+02   8.1347791e+01   5.3439400e+01   3.4988853e+01   2.3463721e+01   1.4936157e+01
   1.7003445e+01   2.1448115e+01   3.6280908e+01   5.7987434e+01   8.8686664e+01   1.2507094e+02   1.5013681e+02   1.6956931e+02   1.3995541e+02   1.1261552e+02   8.0624240e+01   5.2664167e+01   3.3593433e+01   2.1189704e+01   1.3437373e+01
   1.6538306e+01   2.0672882e+01   3.5195582e+01   5.6178557e+01   8.7653020e+01   1.2202169e+02   1.4486522e+02   1.7628800e+02   1.3845663e+02   1.1401094e+02   7.7885083e+01   5.2250709e+01   3.2353060e+01   1.8760640e+01   1.2817187e+01
   1.6693352e+01   2.1396433e+01   3.4885488e+01   5.7212201e+01   8.6050872e+01   1.1876571e+02   1.3830158e+02   1.8311005e+02   1.3644102e+02   1.1540636e+02   7.7316579e+01   5.3904540e+01   3.0957641e+01   1.6796717e+01   1.1990272e+01
   1.7726996e+01   2.3412039e+01   3.5764086e+01   5.7625659e+01   8.4810499e+01   1.1778375e+02   1.3799149e+02   1.7582286e+02   1.4026550e+02   1.1581982e+02   7.9952371e+01   5.2715849e+01   3.1009323e+01   1.6279895e+01   1.1628496e+01
   1.9070734e+01   2.5324281e+01   3.8451561e+01   5.8607621e+01   8.4810499e+01   1.1716356e+02   1.4042055e+02   1.6610661e+02   1.4414167e+02   1.1737029e+02   8.2794893e+01   5.3232671e+01   3.0595865e+01   1.7623632e+01   1.1628496e+01
   2.1086340e+01   2.8786988e+01   4.0518849e+01   6.1088366e+01   8.4397041e+01   1.1633664e+02   1.4135083e+02   1.6016315e+02   1.4300466e+02   1.1881739e+02   8.4810499e+01   5.6540332e+01   3.1887921e+01   1.9845967e+01   1.2352047e+01
   2.3412039e+01   3.1577827e+01   4.3309688e+01   6.3000608e+01   8.5534049e+01   1.1509627e+02   1.3855999e+02   1.5473652e+02   1.4088569e+02   1.1819720e+02   8.6309283e+01   5.9331171e+01   3.5092217e+01   2.2119984e+01   1.3954195e+01
   2.5634374e+01   3.4006891e+01   4.6307256e+01   6.4396028e+01   8.5379003e+01   1.1333908e+02   1.3509728e+02   1.4853466e+02   1.3907681e+02   1.1607823e+02   8.8169842e+01   6.2690515e+01   3.9691934e+01   2.5272598e+01   1.5969801e+01
   2.7443251e+01   3.6229226e+01   4.8012769e+01   6.6153223e+01   8.5585732e+01   1.1028983e+02   1.3070430e+02   1.4197102e+02   1.3421869e+02   1.1349412e+02   8.8324889e+01   6.4654439e+01   4.4860154e+01   2.9148764e+01   1.8088772e+01
   2.9148764e+01   3.8141467e+01   4.9821646e+01   6.7393595e+01   8.5120592e+01   1.0791244e+02   1.2439907e+02   1.3421869e+02   1.2822355e+02   1.1101338e+02   8.7187880e+01   6.8117146e+01   4.9304824e+01   3.3541751e+01   2.0827929e+01
