   9.0437808e+00   1.2938232e+01   1.7438486e+01   2.1679111e+01   2.8602579e+01   3.9896487e+01   5.7161887e+01   8.0961310e+01   1.1047259e+02   1.3743085e+02   1.6066774e+02   1.8148142e+02   1.9364076e+02   1.9416002e+02   1.8727982e+02
   1.3024775e+01   1.6875955e+01   2.1506024e+01   2.7088071e+01   3.6088580e+01   5.1406754e+01   7.5422535e+01   1.0830901e+02   1.4171475e+02   1.6997115e+02   1.9238588e+02   2.0458849e+02   2.0722807e+02   2.0134312e+02   1.8758273e+02
   1.6486509e+01   2.1938741e+01   2.6049550e+01   3.4141354e+01   4.6993043e+01   6.9234685e+01   1.0502036e+02   1.4543611e+02   1.7806296e+02   2.0034787e+02   2.1410826e+02   2.1873833e+02   2.1367555e+02   2.0060750e+02   1.7975055e+02
   2.1030036e+01   2.5270660e+01   3.2843204e+01   4.5738164e+01   6.4950789e+01   1.0328950e+02   1.4746988e+02   1.8312574e+02   2.0805023e+02   2.2271933e+02   2.2786866e+02   2.2380112e+02   2.1233413e+02   1.9152045e+02   1.6772102e+02
   2.4664857e+01   3.1371967e+01   4.7166129e+01   6.3349737e+01   1.0480400e+02   1.4422450e+02   1.8386136e+02   2.1471407e+02   2.2964280e+02   2.3526811e+02   2.3228237e+02   2.2306550e+02   2.0376633e+02   1.7737061e+02   1.5287884e+02
   3.2929747e+01   4.8031563e+01   6.7979807e+01   1.0458765e+02   1.3855591e+02   1.8290938e+02   2.1895469e+02   2.3409978e+02   2.4154251e+02   2.4002800e+02   2.3202274e+02   2.1592567e+02   1.8844816e+02   1.5906669e+02   1.3301714e+02
   5.0930765e+01   7.4081113e+01   1.0268369e+02   1.3704141e+02   1.7399542e+02   2.2129136e+02   2.3388342e+02   2.4474461e+02   2.4504751e+02   2.3881639e+02   2.2592143e+02   2.0043441e+02   1.6663923e+02   1.3595961e+02   1.0956389e+02
   7.7499576e+01   1.0328950e+02   1.3396912e+02   1.6702868e+02   2.1068980e+02   2.3120058e+02   2.4361955e+02   2.4924487e+02   2.4366282e+02   2.3384015e+02   2.1081962e+02   1.7594264e+02   1.3846937e+02   1.0757339e+02   8.1740200e+01
   1.0333277e+02   1.2994485e+02   1.6101391e+02   1.9788138e+02   2.2518581e+02   2.3963855e+02   2.4651875e+02   2.4435517e+02   2.3734516e+02   2.1635839e+02   1.8641439e+02   1.3911845e+02   1.0579925e+02   7.7975564e+01   5.6253182e+01
   1.2561768e+02   1.5352791e+02   1.8641439e+02   2.1402172e+02   2.3223910e+02   2.4015781e+02   2.3981164e+02   2.3435941e+02   2.1769981e+02   1.9606397e+02   1.4219073e+02   1.0199135e+02   7.3821483e+01   5.0887494e+01   3.5958765e+01
   1.4556593e+02   1.7516375e+02   2.0173256e+02   2.2172408e+02   2.3150348e+02   2.3293144e+02   2.2838792e+02   2.1609876e+02   1.9351095e+02   1.4500339e+02   9.8096895e+01   7.2263703e+01   4.5218904e+01   3.3059562e+01   2.5443747e+01
   1.6374003e+02   1.8836162e+02   2.0891566e+02   2.2098846e+02   2.2358476e+02   2.2016630e+02   2.0878585e+02   1.8632785e+02   1.4677753e+02   1.0354913e+02   7.0922281e+01   4.3314950e+01   3.2886475e+01   2.4794672e+01   2.0597319e+01
   1.7382233e+02   1.9441965e+02   2.0839640e+02   2.1397845e+02   2.1055999e+02   1.9965552e+02   1.7927456e+02   1.4725352e+02   1.1029951e+02   7.0403021e+01   4.6170881e+01   3.4098082e+01   2.5487018e+01   2.0467504e+01   1.7871203e+01
   1.7884185e+02   1.9407348e+02   2.0121330e+02   1.9961225e+02   1.8944341e+02   1.7187511e+02   1.4470049e+02   1.1371797e+02   7.7283217e+01   5.0541320e+01   3.5526048e+01   2.7217886e+01   2.1030036e+01   1.7308671e+01   1.2592058e+01
   1.7936111e+02   1.8771254e+02   1.8766927e+02   1.7845240e+02   1.6365349e+02   1.4089258e+02   1.1540557e+02   8.5201934e+01   5.7508060e+01   3.8771424e+01   2.9468013e+01   2.2155099e+01   1.7611573e+01   1.2418972e+01   9.4332259e+00
