   1.6457680e+00   1.5517241e+00   1.4576803e+00   1.2695925e+00   1.2695925e+00   1.3636364e+00   1.2225705e+00   1.4576803e+00   1.6927900e+00   2.0689655e+00   2.3981191e+00   3.6677116e+00   5.5015674e+00   7.1943574e+00   8.6990596e+00
   1.6927900e+00   1.5987461e+00   1.4106583e+00   1.5047022e+00   1.4576803e+00   1.5517241e+00   1.6927900e+00   1.6927900e+00   1.9278997e+00   2.3040752e+00   2.8213166e+00   4.5611285e+00   7.0062696e+00   8.5109718e+00   9.4514107e+00
   1.8808777e+00   1.7868339e+00   1.7868339e+00   1.8808777e+00   1.9749216e+00   1.9278997e+00   1.7868339e+00   1.7868339e+00   2.0689655e+00   2.6802508e+00   3.9498433e+00   6.1128527e+00   7.7586207e+00   8.6990596e+00   9.6865204e+00
   2.3040752e+00   2.3981191e+00   2.4451411e+00   2.3981191e+00   2.2100313e+00   1.9278997e+00   1.8338558e+00   2.0219436e+00   2.1159875e+00   2.9623824e+00   4.9843260e+00   6.9592476e+00   7.9937304e+00   8.9811912e+00   9.1222571e+00
   2.7272727e+00   2.5862069e+00   2.2570533e+00   2.4451411e+00   2.1630094e+00   1.7868339e+00   1.8808777e+00   2.0219436e+00   2.5862069e+00   3.8087774e+00   6.0188088e+00   7.1473354e+00   7.8056426e+00   7.8996865e+00   7.4764890e+00
   2.6332288e+00   2.3040752e+00   2.3510972e+00   2.1159875e+00   1.9278997e+00   1.8808777e+00   2.1159875e+00   2.3510972e+00   3.0094044e+00   5.0313480e+00   5.5485893e+00   6.3009404e+00   6.1598746e+00   5.4545455e+00   4.7962382e+00
   2.6332288e+00   2.3981191e+00   2.0689655e+00   1.9278997e+00   1.9749216e+00   2.2100313e+00   2.3981191e+00   2.8213166e+00   6.0188088e+00   5.7366771e+00   4.4670846e+00   3.9028213e+00   3.6206897e+00   2.8213166e+00   2.4451411e+00
   3.2445141e+00   3.0094044e+00   2.9153605e+00   2.5391850e+00   2.7272727e+00   3.0564263e+00   4.4670846e+00   8.8401254e+00   4.7492163e+00   2.5862069e+00   1.8338558e+00   1.6457680e+00   1.2225705e+00   1.1755486e+00   1.3166144e+00
   4.9843260e+00   4.8432602e+00   4.4200627e+00   4.1849530e+00   4.4670846e+00   5.3134796e+00   7.0532915e+00   2.9623824e+00   1.7398119e+00   8.4639498e-01   7.0532915e-01   7.0532915e-01   6.5830721e-01   5.6426332e-01   5.6426332e-01
   6.9592476e+00   7.4294671e+00   6.6300940e+00   5.8777429e+00   5.9247649e+00   5.5485893e+00   2.3510972e+00   1.3166144e+00   6.1128527e-01   4.2319749e-01   4.2319749e-01   5.1724138e-01   4.7021944e-01   5.1724138e-01   3.7617555e-01
   1.0344828e+01   9.1692790e+00   7.5235110e+00   6.7711599e+00   4.9843260e+00   2.2100313e+00   1.0815047e+00   6.5830721e-01   3.2915361e-01   4.2319749e-01   3.7617555e-01   4.7021944e-01   3.2915361e-01   1.8808777e-01   2.3510972e-01
   1.0673981e+01   9.5454545e+00   8.0407524e+00   5.3605016e+00   2.4451411e+00   1.0344828e+00   6.1128527e-01   3.7617555e-01   4.2319749e-01   3.7617555e-01   1.4106583e-01   1.8808777e-01   1.4106583e-01   1.4106583e-01   9.4043887e-02
   1.1003135e+01   8.7931034e+00   5.9247649e+00   2.8213166e+00   1.1755486e+00   7.9937304e-01   6.5830721e-01   4.7021944e-01   3.7617555e-01   2.3510972e-01   1.4106583e-01   1.4106583e-01   2.8213166e-01   1.8808777e-01   2.3510972e-01
   1.0203762e+01   7.1943574e+00   4.1379310e+00   2.1630094e+00   1.0815047e+00   7.0532915e-01   5.1724138e-01   3.2915361e-01   3.7617555e-01   2.3510972e-01   2.3510972e-01   3.7617555e-01   3.2915361e-01   3.2915361e-01   3.2915361e-01
   7.8996865e+00   5.5485893e+00   3.3385580e+00   1.9749216e+00   8.4639498e-01   8.4639498e-01   7.5235110e-01   4.7021944e-01   4.2319749e-01   2.8213166e-01   3.7617555e-01   3.2915361e-01   3.7617555e-01   4.2319749e-01   3.7617555e-01
