   6.5195556e+00   6.5583625e+00   6.7135900e+00   6.3255212e+00   6.4031350e+00   5.5493837e+00   4.8120530e+00   4.7344392e+00   4.4627911e+00   4.0747223e+00   4.0747223e+00   3.8418810e+00   3.3761984e+00   2.9105159e+00   3.1821641e+00
   5.7434180e+00   5.7434180e+00   6.9464313e+00   7.9166033e+00   7.8389895e+00   7.5673413e+00   6.2091006e+00   6.1702937e+00   5.8210318e+00   5.5493837e+00   5.5105768e+00   5.2777355e+00   5.0837011e+00   4.1135291e+00   3.6478466e+00
   5.3941561e+00   6.2091006e+00   7.8777964e+00   9.5464922e+00   1.0710699e+01   1.0012175e+01   8.2658652e+00   8.0718308e+00   7.9554101e+00   7.1016588e+00   6.7912038e+00   7.1404657e+00   6.2479075e+00   5.1613149e+00   5.3553493e+00
   6.4807487e+00   7.7613757e+00   9.1584234e+00   1.2146553e+01   1.3931669e+01   1.4125704e+01   1.1836098e+01   1.0671892e+01   9.6241059e+00   8.6151271e+00   8.5375133e+00   8.5375133e+00   7.8001826e+00   6.7912038e+00   6.5195556e+00
   6.7135900e+00   8.1106377e+00   1.0710699e+01   1.5173490e+01   2.0024349e+01   2.2585603e+01   2.1460204e+01   1.7812357e+01   1.4319738e+01   1.1874905e+01   1.0477857e+01   9.7405266e+00   9.3912646e+00   9.0031959e+00   8.7315477e+00
   6.7523969e+00   7.9942170e+00   1.0400243e+01   1.4669000e+01   2.3012479e+01   3.4421701e+01   4.1018871e+01   3.9544209e+01   3.1123117e+01   2.2934865e+01   1.5639172e+01   1.1215188e+01   1.0710699e+01   1.1176381e+01   1.0206209e+01
   6.2867144e+00   7.2568863e+00   9.6241059e+00   1.2612236e+01   2.1576625e+01   4.1368133e+01   7.5712220e+01   8.4676609e+01   6.4031350e+01   3.9738244e+01   2.3012479e+01   1.4746614e+01   1.2612236e+01   1.3077918e+01   1.2301781e+01
   5.0448942e+00   6.3255212e+00   7.9554101e+00   1.0361437e+01   1.6686958e+01   3.7254604e+01   9.0225993e+01   1.1079364e+02   7.9321260e+01   4.8198143e+01   2.8212601e+01   1.7851164e+01   1.4940648e+01   1.3465987e+01   1.2612236e+01
   3.8418810e+00   4.6180186e+00   5.1613149e+00   8.1882514e+00   1.2806270e+01   2.7203622e+01   6.4264191e+01   8.2387004e+01   5.9995434e+01   3.7526252e+01   2.4331913e+01   1.8821336e+01   1.5910820e+01   1.5134683e+01   1.4048090e+01
   3.6090397e+00   4.3075635e+00   4.8120530e+00   6.3255212e+00   9.5076853e+00   1.8355654e+01   3.2791813e+01   4.1911429e+01   3.6012783e+01   2.6388678e+01   1.9519860e+01   1.6880992e+01   1.5600365e+01   1.4552580e+01   1.3931669e+01
   3.6478466e+00   4.2687567e+00   5.0837011e+00   5.9374524e+00   7.6837620e+00   1.1564450e+01   1.6686958e+01   2.1615431e+01   2.1343783e+01   1.9054177e+01   1.6725765e+01   1.5134683e+01   1.4436159e+01   1.3388373e+01   1.2767463e+01
   3.4538122e+00   4.1523360e+00   4.9284736e+00   5.0448942e+00   6.1702937e+00   8.8479683e+00   1.0477857e+01   1.3504794e+01   1.5018262e+01   1.5949627e+01   1.5988434e+01   1.4669000e+01   1.2883884e+01   1.2689849e+01   1.2883884e+01
   4.0359154e+00   4.8508598e+00   4.7732461e+00   5.4329630e+00   6.2479075e+00   7.6837620e+00   8.6151271e+00   1.0633085e+01   1.2379394e+01   1.3504794e+01   1.4203318e+01   1.4048090e+01   1.2185360e+01   1.1719677e+01   1.1215188e+01
   3.2985847e+00   3.9583016e+00   4.3075635e+00   4.6568254e+00   6.2479075e+00   6.9852382e+00   7.4897276e+00   9.0808096e+00   1.0749505e+01   1.2612236e+01   1.3543601e+01   1.2922691e+01   1.2340587e+01   1.1059960e+01   1.0633085e+01
   3.2597778e+00   3.7642672e+00   3.5314260e+00   4.1523360e+00   5.8598387e+00   6.8688175e+00   7.2180794e+00   8.1494445e+00   9.3912646e+00   1.0982347e+01   1.2224167e+01   1.2806270e+01   1.2068939e+01   1.0865926e+01   1.0671892e+01
