   1.4471396e+02   1.5142449e+02   1.5813501e+02   1.6805492e+02   1.7564073e+02   1.8176773e+02   1.9110412e+02   2.0248284e+02   2.0773455e+02   2.1123570e+02   2.0890160e+02   2.0685927e+02   2.0160755e+02   1.9402174e+02   1.8760297e+02
   1.5288330e+02   1.6397025e+02   1.7389016e+02   1.8322654e+02   1.9372998e+02   2.0452517e+02   2.1211098e+02   2.1998856e+02   2.2494851e+02   2.2757437e+02   2.2203089e+02   2.1707094e+02   2.1065217e+02   2.0773455e+02   1.9868993e+02
   1.6776316e+02   1.7914188e+02   1.8906178e+02   1.9752288e+02   2.0890160e+02   2.1765446e+02   2.2728261e+02   2.3195080e+02   2.3457666e+02   2.3282609e+02   2.3195080e+02   2.2961670e+02   2.2203089e+02   2.1298627e+02   2.0627574e+02
   1.8118421e+02   1.9081236e+02   2.0102403e+02   2.1006865e+02   2.2028032e+02   2.3078375e+02   2.3720252e+02   2.4041190e+02   2.3982838e+02   2.3691076e+02   2.3224256e+02   2.3136728e+02   2.2903318e+02   2.2290618e+02   2.1502860e+02
   1.9139588e+02   2.0364989e+02   2.1298627e+02   2.2290618e+02   2.3224256e+02   2.3691076e+02   2.4187071e+02   2.4157895e+02   2.4099542e+02   2.3982838e+02   2.3691076e+02   2.3253432e+02   2.2815789e+02   2.2319794e+02   2.1707094e+02
   2.0364989e+02   2.1386156e+02   2.2173913e+02   2.2961670e+02   2.3603547e+02   2.3924485e+02   2.3924485e+02   2.4070366e+02   2.4099542e+02   2.3982838e+02   2.3866133e+02   2.3340961e+02   2.2903318e+02   2.2173913e+02   2.1736270e+02
   2.0656751e+02   2.1590389e+02   2.2582380e+02   2.3195080e+02   2.3486842e+02   2.3749428e+02   2.3866133e+02   2.3866133e+02   2.3836957e+02   2.3807780e+02   2.3661899e+02   2.3224256e+02   2.2874142e+02   2.2290618e+02   2.1852975e+02
   2.0569222e+02   2.1765446e+02   2.2494851e+02   2.3020023e+02   2.3165904e+02   2.3545195e+02   2.3778604e+02   2.3778604e+02   2.3749428e+02   2.3691076e+02   2.3545195e+02   2.3195080e+02   2.2640732e+02   2.2407323e+02   2.1911327e+02
   2.0160755e+02   2.1269451e+02   2.1940503e+02   2.2611556e+02   2.2990847e+02   2.3311785e+02   2.3428490e+02   2.3399314e+02   2.3399314e+02   2.3428490e+02   2.3370137e+02   2.3049199e+02   2.2699085e+02   2.2261442e+02   2.1677918e+02
   1.9285469e+02   2.0481693e+02   2.1269451e+02   2.2115561e+02   2.2553204e+02   2.2932494e+02   2.2990847e+02   2.3049199e+02   2.3136728e+02   2.2990847e+02   2.2815789e+02   2.2699085e+02   2.2378146e+02   2.1882151e+02   2.0860984e+02
   1.7564073e+02   1.9022883e+02   1.9985698e+02   2.1065217e+02   2.1736270e+02   2.2086384e+02   2.2232265e+02   2.2378146e+02   2.2436499e+02   2.2407323e+02   2.2261442e+02   2.1852975e+02   2.1356979e+02   2.0540046e+02   1.9431350e+02
   1.5988558e+02   1.7184783e+02   1.8293478e+02   1.9402174e+02   2.0219108e+02   2.0598398e+02   2.0977689e+02   2.1123570e+02   2.1152746e+02   2.0890160e+02   2.0627574e+02   2.0627574e+02   1.9781465e+02   1.8993707e+02   1.8001716e+02
   1.4442220e+02   1.5054920e+02   1.6017735e+02   1.6688787e+02   1.7564073e+02   1.8060069e+02   1.8672769e+02   1.9022883e+02   1.8877002e+02   1.8789474e+02   1.8526888e+02   1.7768307e+02   1.7068078e+02   1.6105263e+02   1.5463387e+02
   1.2341533e+02   1.2808352e+02   1.3362700e+02   1.3596110e+02   1.4179634e+02   1.4675629e+02   1.4704805e+02   1.4821510e+02   1.5054920e+02   1.4879863e+02   1.4150458e+02   1.3800343e+02   1.3450229e+02   1.2837529e+02   1.2137300e+02
   9.4530892e+01   9.6281465e+01   1.0036613e+02   1.0299199e+02   1.0357551e+02   1.0503432e+02   1.0532609e+02   1.0474256e+02   1.0445080e+02   1.0386728e+02   1.0065789e+02   9.7740275e+01   9.4530892e+01   9.3655606e+01   9.1613272e+01
