   2.0215176e+00   2.0215176e+00   3.1766704e+00   7.7972820e+00   7.2197055e+00   3.7542469e+00   2.8878822e+00   3.7542469e+00   2.5990940e+00   3.4654587e+00   7.5084938e+00   8.6636467e+00   9.5300113e+00   7.5084938e+00   4.6206116e+00
   1.7327293e+00   2.8878822e+00   3.7542469e+00   6.0645527e+00   9.5300113e+00   5.1981880e+00   4.0430351e+00   4.6206116e+00   3.7542469e+00   6.3533409e+00   9.8187995e+00   1.0396376e+01   8.3748584e+00   6.0645527e+00   3.7542469e+00
   2.0215176e+00   2.3103058e+00   3.4654587e+00   5.7757644e+00   9.5300113e+00   7.7972820e+00   5.1981880e+00   6.6421291e+00   5.1981880e+00   1.0107588e+01   1.2129105e+01   1.0396376e+01   8.0860702e+00   6.9309173e+00   7.5084938e+00
   1.7327293e+00   2.3103058e+00   2.8878822e+00   4.6206116e+00   1.0685164e+01   1.0685164e+01   8.3748584e+00   9.2412231e+00   1.1262741e+01   1.5016988e+01   1.6749717e+01   1.5883352e+01   1.4728199e+01   1.5016988e+01   1.6749717e+01
   6.0645527e+00   5.1981880e+00   4.6206116e+00   5.1981880e+00   1.0396376e+01   1.5883352e+01   1.7038505e+01   2.0215176e+01   2.2525481e+01   3.0033975e+01   3.0900340e+01   2.8878822e+01   2.8878822e+01   3.1189128e+01   3.1477916e+01
   1.9926387e+01   2.3391846e+01   2.4835787e+01   2.7434881e+01   3.3499434e+01   4.6494904e+01   5.8046433e+01   6.4399773e+01   6.6998867e+01   6.6710079e+01   6.3244621e+01   5.8046433e+01   5.6891280e+01   5.7180068e+01   5.6602492e+01
   6.8731597e+01   7.3063420e+01   7.4796149e+01   8.0571914e+01   8.8657984e+01   1.0049830e+02   1.2620045e+02   1.4410532e+02   1.2735561e+02   1.1869196e+02   1.0916195e+02   1.0742922e+02   1.0800680e+02   1.0627407e+02   1.0367497e+02
   1.1436014e+02   1.2417894e+02   1.3717441e+02   1.4901472e+02   1.5912231e+02   1.7673839e+02   2.5037939e+02   2.5500000e+02   2.1774632e+02   1.7875991e+02   1.6432050e+02   1.5363533e+02   1.4295017e+02   1.3284258e+02   1.2157984e+02
   1.2071348e+02   1.2677803e+02   1.3342016e+02   1.4179502e+02   1.5363533e+02   1.7818233e+02   2.1428086e+02   2.2034541e+02   1.7991506e+02   1.5248018e+02   1.3399773e+02   1.1984711e+02   1.0714043e+02   9.7032843e+01   8.9524349e+01
   7.7972820e+01   7.7395243e+01   7.7972820e+01   7.8261608e+01   8.5481314e+01   8.7214043e+01   8.4903737e+01   7.3063420e+01   5.5447339e+01   4.7072480e+01   4.0719139e+01   3.8986410e+01   3.6676104e+01   3.5520951e+01   3.4654587e+01
   4.4762174e+01   4.3895810e+01   4.5050963e+01   4.7361268e+01   4.3607022e+01   3.7542469e+01   3.2344281e+01   2.8878822e+01   2.2525481e+01   1.5883352e+01   9.2412231e+00   5.7757644e+00   4.6206116e+00   3.7542469e+00   4.0430351e+00
   2.5413364e+01   2.4546999e+01   2.1947905e+01   1.9060023e+01   1.8771234e+01   1.3284258e+01   1.1840317e+01   1.0973952e+01   9.2412231e+00   1.0107588e+01   6.0645527e+00   3.7542469e+00   3.1766704e+00   2.0215176e+00   1.7327293e+00
   1.0685164e+01   1.0107588e+01   9.8187995e+00   1.2417894e+01   8.9524349e+00   7.7972820e+00   7.2197055e+00   7.2197055e+00   6.0645527e+00   8.9524349e+00   5.1981880e+00   4.0430351e+00   2.0215176e+00   2.3103058e+00   2.0215176e+00
   5.7757644e+00   6.0645527e+00   8.6636467e+00   8.3748584e+00   8.3748584e+00   4.3318233e+00   4.9093998e+00   4.9093998e+00   4.0430351e+00   7.2197055e+00   5.7757644e+00   3.7542469e+00   2.3103058e+00   2.0215176e+00   2.0215176e+00
   4.6206116e+00   6.6421291e+00   7.5084938e+00   8.0860702e+00   5.4869762e+00   3.1766704e+00   4.0430351e+00   3.4654587e+00   2.5990940e+00   5.1981880e+00   6.0645527e+00   4.0430351e+00   2.5990940e+00   1.7327293e+00   1.4439411e+00
