   6.6674524e+01   6.9125113e+01   6.8893926e+01   6.6813237e+01   6.4177697e+01   5.7658205e+01   5.2202176e+01   4.5312783e+01   3.9486854e+01   3.6019039e+01   3.3106074e+01   3.1349048e+01   3.0840435e+01   3.0563010e+01   3.0054397e+01
   7.0835902e+01   7.4951043e+01   7.6384406e+01   7.8095195e+01   7.6060743e+01   6.9957389e+01   6.2143246e+01   5.3912965e+01   4.5682684e+01   4.0134180e+01   3.6990027e+01   3.3614687e+01   3.1580236e+01   3.1950136e+01   3.1349048e+01
   7.1298277e+01   7.7170444e+01   8.2996374e+01   8.6325476e+01   8.5770626e+01   8.3689937e+01   7.7401632e+01   6.7737987e+01   5.7704442e+01   4.8133273e+01   4.1613781e+01   3.7961015e+01   3.4123300e+01   3.2967362e+01   3.1903898e+01
   6.8431550e+01   7.7447869e+01   8.5631913e+01   9.3862194e+01   9.7283772e+01   9.7884859e+01   9.5249320e+01   8.5631913e+01   7.2500453e+01   5.9322756e+01   5.0768812e+01   4.3648232e+01   3.8515866e+01   3.5371714e+01   3.3013599e+01
   6.5611061e+01   7.3471442e+01   8.4984587e+01   9.7653672e+01   1.0990662e+02   1.1480780e+02   1.1527017e+02   1.0930553e+02   9.1457842e+01   7.5459655e+01   6.0386219e+01   5.0953762e+01   4.3232094e+01   3.8654578e+01   3.5233001e+01
   5.7981868e+01   6.9587489e+01   8.3736174e+01   1.0001179e+02   1.1420671e+02   1.3094470e+02   1.3616954e+02   1.3214687e+02   1.2118858e+02   9.1411605e+01   7.6106981e+01   5.9553944e+01   4.9104261e+01   4.2862194e+01   3.9070716e+01
   5.1231188e+01   6.1865820e+01   7.6384406e+01   9.5757933e+01   1.1688849e+02   1.3418132e+02   1.5341614e+02   1.4671170e+02   1.3649320e+02   1.1799819e+02   8.9192203e+01   7.1899365e+01   5.5253853e+01   4.7069810e+01   4.2446056e+01
   4.5913871e+01   5.3681777e+01   6.7183137e+01   8.6741614e+01   1.1249592e+02   1.3330281e+02   1.4555576e+02   1.6682502e+02   1.4430734e+02   1.2974252e+02   1.0588395e+02   8.3458749e+01   6.5980961e+01   5.2387126e+01   4.6561197e+01
   4.2631006e+01   4.7948323e+01   5.7288305e+01   7.3240254e+01   9.5757933e+01   1.2437897e+02   1.3885131e+02   1.4860743e+02   1.5554306e+02   1.3658568e+02   1.1582502e+02   9.5295558e+01   7.6245694e+01   6.0802357e+01   5.1184950e+01
   4.0827743e+01   4.4341795e+01   5.0537625e+01   6.0201269e+01   7.8511333e+01   1.0015050e+02   1.2511877e+02   1.3649320e+02   1.4107072e+02   1.3866636e+02   1.2192838e+02   1.0380326e+02   8.6325476e+01   6.9310063e+01   5.7843155e+01
   3.8839529e+01   4.2353581e+01   4.5867634e+01   5.2803264e+01   6.3160471e+01   8.2950136e+01   9.9734361e+01   1.1716591e+02   1.2474887e+02   1.2710698e+02   1.2192838e+02   1.0731732e+02   9.2382593e+01   7.6754306e+01   6.5056210e+01
   3.8932004e+01   4.0920218e+01   4.3370807e+01   4.7069810e+01   5.4190390e+01   6.5472348e+01   8.0175884e+01   9.5572983e+01   1.0657752e+02   1.1106256e+02   1.1184859e+02   1.0579148e+02   9.4093382e+01   8.2302811e+01   7.1390752e+01
   3.8284678e+01   3.9856754e+01   4.0873980e+01   4.3786945e+01   4.9058024e+01   5.5716228e+01   6.4917498e+01   7.5320943e+01   8.7758840e+01   9.5896646e+01   9.8116047e+01   9.8485947e+01   9.2983681e+01   8.5262013e+01   7.6338169e+01
   3.7961015e+01   3.8978241e+01   4.0180417e+01   4.2769719e+01   4.4572983e+01   4.9936537e+01   5.5253853e+01   6.2513146e+01   7.1899365e+01   8.1932910e+01   8.7481414e+01   8.9700816e+01   8.9608341e+01   8.5169538e+01   7.9204896e+01
   3.7683590e+01   3.9348141e+01   3.9902992e+01   4.1660018e+01   4.3463282e+01   4.7532185e+01   5.0861287e+01   5.4699003e+01   6.1449683e+01   6.9633726e+01   7.6754306e+01   8.1563010e+01   8.3181324e+01   8.2256573e+01   7.7864007e+01
