   3.8451561e+01   5.9589582e+01   8.5740778e+01   1.1897244e+02   1.5856101e+02   1.9251621e+02   2.1293069e+02   2.1200041e+02   1.9747771e+02   1.7003445e+02   1.3287495e+02   9.7834414e+01   6.8478922e+01   4.8529591e+01   3.4782124e+01
   3.3800162e+01   5.3801176e+01   8.2329753e+01   1.1954094e+02   1.6522801e+02   2.0254256e+02   2.2357722e+02   2.2538610e+02   2.0905452e+02   1.7959566e+02   1.3850831e+02   9.8557965e+01   6.6721727e+01   4.5997163e+01   3.1577827e+01
   2.9665586e+01   4.8167815e+01   7.7988448e+01   1.1995440e+02   1.7101642e+02   2.1194872e+02   2.3256992e+02   2.3727300e+02   2.2218180e+02   1.8905351e+02   1.4496859e+02   9.9953385e+01   6.4344345e+01   4.2534455e+01   2.8838670e+01
   2.6099514e+01   4.1914268e+01   7.3285367e+01   1.1917916e+02   1.7814856e+02   2.1897750e+02   2.3985711e+02   2.4383664e+02   2.3360357e+02   1.9949331e+02   1.5158391e+02   1.0005675e+02   6.1450142e+01   3.9640251e+01   2.6616336e+01
   2.3412039e+01   3.6487637e+01   6.7393595e+01   1.1933421e+02   1.8212809e+02   2.2652310e+02   2.4497365e+02   2.4833300e+02   2.4063235e+02   2.1355087e+02   1.5639035e+02   1.0140049e+02   5.8607621e+01   3.7676328e+01   2.3773814e+01
   2.1603162e+01   3.3593433e+01   6.0778273e+01   1.1747365e+02   1.8517734e+02   2.3241488e+02   2.4812627e+02   2.5091711e+02   2.4512870e+02   2.2481759e+02   1.6409100e+02   1.0021180e+02   5.7418930e+01   3.5505675e+01   2.1396433e+01
   2.0517835e+01   3.1991285e+01   5.8297527e+01   1.1018646e+02   1.8977706e+02   2.3515403e+02   2.5081374e+02   2.5288103e+02   2.4791954e+02   2.3117450e+02   1.7659809e+02   9.7576003e+01   5.7418930e+01   3.3024929e+01   1.9535874e+01
   2.1293069e+01   3.1939603e+01   5.8349210e+01   1.0258918e+02   1.8977706e+02   2.3577422e+02   2.5334617e+02   2.5500000e+02   2.4895318e+02   2.3308675e+02   1.8729631e+02   9.8557965e+01   5.8039116e+01   3.1939603e+01   1.8140454e+01
   2.3050263e+01   3.2973247e+01   5.7677341e+01   1.0098703e+02   1.8062931e+02   2.3494730e+02   2.5210580e+02   2.5401804e+02   2.4874645e+02   2.3215647e+02   1.8858837e+02   1.0424301e+02   5.9072760e+01   3.1216052e+01   1.7933725e+01
   2.4962505e+01   3.6022497e+01   5.7935752e+01   1.0140049e+02   1.6688184e+02   2.3055432e+02   2.4817795e+02   2.5153729e+02   2.4750608e+02   2.3169133e+02   1.8435043e+02   1.1158188e+02   6.0674909e+01   3.2508107e+01   1.8553912e+01
   2.7391569e+01   3.8554925e+01   5.9951358e+01   1.0098703e+02   1.6005979e+02   2.1902919e+02   2.4388833e+02   2.4957337e+02   2.4574889e+02   2.2807357e+02   1.7897548e+02   1.1726692e+02   6.4499392e+01   3.5970815e+01   2.1396433e+01
   3.0802594e+01   4.1500811e+01   6.3259019e+01   9.9901702e+01   1.5427138e+02   2.0512667e+02   2.3685955e+02   2.4554216e+02   2.4254459e+02   2.2166498e+02   1.7613296e+02   1.1959262e+02   6.9822659e+01   3.9898662e+01   2.5479327e+01
   3.3593433e+01   4.4395014e+01   6.5481354e+01   1.0010843e+02   1.4775942e+02   1.9468687e+02   2.2523105e+02   2.3990880e+02   2.3706627e+02   2.1370592e+02   1.7220511e+02   1.2052290e+02   7.5404337e+01   4.5118565e+01   2.8993717e+01
   3.6435955e+01   4.7082489e+01   6.7858735e+01   9.9798338e+01   1.4346980e+02   1.8388529e+02   2.1370592e+02   2.3003749e+02   2.2962404e+02   2.0616032e+02   1.6620997e+02   1.2098804e+02   7.9797325e+01   5.1527158e+01   3.3076611e+01
   3.8503243e+01   5.0338468e+01   7.0029388e+01   9.9178152e+01   1.3804317e+02   1.7437576e+02   2.0233583e+02   2.1732367e+02   2.1778881e+02   1.9685752e+02   1.6062829e+02   1.2078131e+02   8.2743210e+01   5.8090799e+01   3.7056141e+01
