   1.0400692e+00   2.2299083e+00   6.6730838e+00   1.6150194e+01   3.3124123e+01   5.0672170e+01   7.1681568e+01   7.7605802e+01   3.7517375e+01   1.6299964e+01   5.3251542e+00   1.7722779e+00   7.0724704e-01   4.8259210e-01   4.9091265e-01
   6.8228538e-01   1.0816719e+00   3.8773779e+00   1.1490684e+01   2.8281561e+01   5.1013313e+01   7.7464352e+01   8.5077658e+01   3.7093027e+01   1.4211505e+01   3.7858518e+00   1.0899925e+00   4.1602767e-01   3.5778380e-01   4.4930988e-01
   4.4930988e-01   5.2419486e-01   1.9137273e+00   7.2305609e+00   2.2116031e+01   4.9798512e+01   8.2797827e+01   9.3523020e+01   3.5928150e+01   1.1973276e+01   2.8206676e+00   7.1556759e-01   2.9953992e-01   2.8289882e-01   3.9938656e-01
   3.2450158e-01   3.1618103e-01   7.9045257e-01   4.1269945e+00   1.5659281e+01   4.5688159e+01   8.8330995e+01   1.0164388e+02   3.5304108e+01   1.0092831e+01   2.2548700e+00   5.5747708e-01   2.4129605e-01   2.6625771e-01   3.9938656e-01
   2.5793716e-01   1.9969328e-01   3.7442490e-01   2.1467028e+00   9.8265736e+00   3.8357751e+01   9.1975397e+01   1.1060512e+02   3.4322283e+01   9.0860443e+00   1.7805984e+00   4.9091265e-01   2.3297550e-01   2.8289882e-01   3.5778380e-01
   2.0801383e-01   1.5809051e-01   1.9137273e-01   9.2358143e-01   5.8576696e+00   2.8606063e+01   9.3106993e+01   1.1900055e+02   3.3972820e+01   8.5036056e+00   1.5393024e+00   4.1602767e-01   2.3297550e-01   2.4961660e-01   3.1618103e-01
   1.7473162e-01   1.4144941e-01   1.7473162e-01   3.3282214e-01   3.7192874e+00   1.9561621e+01   8.9479231e+01   1.2704653e+02   3.4155872e+01   8.3621562e+00   1.4477763e+00   4.0770712e-01   2.4129605e-01   2.4129605e-01   2.8289882e-01
   1.7473162e-01   1.1648775e-01   1.5809051e-01   1.7473162e-01   2.3963194e+00   1.3487617e+01   7.7064966e+01   1.3342007e+02   3.5403955e+01   9.6019186e+00   1.6308285e+00   3.1618103e-01   1.9137273e-01   1.9137273e-01   2.6625771e-01
   1.6641107e-01   1.3312885e-01   1.2480830e-01   1.6641107e-01   1.4311352e+00   1.2056482e+01   7.2130877e+01   1.3353656e+02   4.2393220e+01   1.2289457e+01   2.0801383e+00   2.9121937e-01   1.8305217e-01   1.9969328e-01   2.6625771e-01
   1.5809051e-01   1.2480830e-01   1.4144941e-01   1.9137273e-01   1.3396091e+00   1.2439227e+01   6.6872288e+01   1.2845270e+02   5.0422554e+01   1.6649427e+01   3.0203609e+00   4.5763044e-01   1.8305217e-01   1.8305217e-01   2.7457826e-01
   1.4144941e-01   1.4976996e-01   1.4144941e-01   2.8289882e-01   1.6058668e+00   1.3745554e+01   6.3311091e+01   1.1843476e+02   5.7228766e+01   2.2215878e+01   5.0755376e+00   7.6549091e-01   2.1633439e-01   1.7473162e-01   2.6625771e-01
   1.5809051e-01   1.7473162e-01   1.8305217e-01   3.2450158e-01   2.0884589e+00   1.5842334e+01   6.0324012e+01   1.0731018e+02   6.0565308e+01   2.8190035e+01   8.6200933e+00   1.3895324e+00   3.3282214e-01   2.0801383e-01   2.2465494e-01
   1.5809051e-01   1.6641107e-01   1.8305217e-01   4.7427154e-01   2.9038731e+00   1.8313538e+01   5.7245407e+01   9.6759715e+01   6.0465462e+01   3.3598395e+01   1.3121513e+01   2.8955526e+00   4.9923320e-01   2.5793716e-01   2.5793716e-01
   1.2480830e-01   1.4144941e-01   2.1633439e-01   7.4052925e-01   4.3100467e+00   2.0260548e+01   5.4699318e+01   8.6383985e+01   5.8618299e+01   3.7142950e+01   1.8288576e+01   5.4166803e+00   1.0151075e+00   2.8289882e-01   2.7457826e-01
   1.4144941e-01   1.7473162e-01   2.8289882e-01   1.1731980e+00   6.2487356e+00   2.2007864e+01   5.1986818e+01   7.7855418e+01   5.5073743e+01   3.8657291e+01   2.2698470e+01   9.1858910e+00   2.2049467e+00   4.9091265e-01   3.1618103e-01
