   1.0609023e+01   8.5639098e+00   7.4135338e+00   7.5413534e+00   1.1759398e+01   2.3135338e+01   5.1255639e+01   7.3112782e+01   8.2571429e+01   8.5511278e+01   8.5255639e+01   7.7969925e+01   6.7105263e+01   5.2661654e+01   4.1924812e+01
   1.7639098e+01   1.6360902e+01   1.5210526e+01   1.4699248e+01   1.9172932e+01   3.7706767e+01   6.9406015e+01   8.5255639e+01   9.2796992e+01   9.3691729e+01   8.9090226e+01   8.0270677e+01   6.7744361e+01   5.2022556e+01   4.1669173e+01
   2.4924812e+01   2.4030075e+01   2.3135338e+01   2.3774436e+01   3.2082707e+01   6.0075188e+01   8.7556391e+01   9.9315789e+01   1.0263910e+02   1.0097744e+02   9.4458647e+01   8.3721805e+01   6.9150376e+01   5.2789474e+01   3.8090226e+01
   3.3233083e+01   3.1443609e+01   3.0165414e+01   3.0804511e+01   4.7293233e+01   7.9120301e+01   1.0378947e+02   1.1286466e+02   1.1606015e+02   1.1030827e+02   1.0084962e+02   8.8706767e+01   7.0045113e+01   5.3172932e+01   3.4766917e+01
   4.5248120e+01   4.3842105e+01   4.1413534e+01   4.3458647e+01   6.7488722e+01   9.3947368e+01   1.1222556e+02   1.2078947e+02   1.2130075e+02   1.1452632e+02   1.0493985e+02   9.0624060e+01   6.9533835e+01   5.0105263e+01   3.3105263e+01
   5.9819549e+01   5.7646617e+01   5.5984962e+01   6.6466165e+01   9.5609023e+01   1.1388722e+02   1.2142857e+02   1.2756391e+02   1.2564662e+02   1.1695489e+02   1.0749624e+02   8.7684211e+01   6.5187970e+01   4.5120301e+01   3.3488722e+01
   7.1834586e+01   7.3624060e+01   7.9759398e+01   1.0276692e+02   1.3203759e+02   1.4801504e+02   1.5427820e+02   1.5248872e+02   1.3523308e+02   1.2360150e+02   1.1120301e+02   8.7045113e+01   6.0075188e+01   4.2819549e+01   3.7323308e+01
   6.3526316e+01   6.8255639e+01   8.2315789e+01   1.1490977e+02   1.4379699e+02   1.6603759e+02   1.8546617e+02   1.9109023e+02   1.8201504e+02   1.5747368e+02   1.3280451e+02   9.5992481e+01   6.9789474e+01   5.5857143e+01   5.1766917e+01
   4.3203008e+01   5.1255639e+01   7.2090226e+01   1.0506767e+02   1.2871429e+02   1.4673684e+02   1.6744361e+02   1.8227068e+02   1.7677444e+02   1.6527068e+02   1.4239098e+02   1.0698496e+02   8.3721805e+01   7.5669173e+01   7.1323308e+01
   3.4383459e+01   4.5120301e+01   6.8766917e+01   9.1518797e+01   1.0711278e+02   1.1733835e+02   1.2539098e+02   1.2526316e+02   1.2603008e+02   1.2372932e+02   1.0340602e+02   8.1037594e+01   7.4390977e+01   7.4902256e+01   7.3240602e+01
   3.2977444e+01   5.0233083e+01   7.3879699e+01   9.2285714e+01   1.0583459e+02   1.1427068e+02   1.1925564e+02   1.1772180e+02   1.1094737e+02   9.1007519e+01   6.5315789e+01   4.6142857e+01   4.9082707e+01   5.2406015e+01   5.5090226e+01
   3.2721805e+01   5.2789474e+01   7.1834586e+01   8.9601504e+01   1.0187218e+02   1.1018045e+02   1.1414286e+02   1.1158647e+02   1.0008271e+02   7.5285714e+01   4.6270677e+01   3.4383459e+01   3.6812030e+01   3.9496241e+01   4.2180451e+01
   3.6684211e+01   5.5218045e+01   7.1451128e+01   8.6533835e+01   9.5992481e+01   1.0148872e+02   1.0353383e+02   9.7526316e+01   8.5127820e+01   5.5345865e+01   3.1699248e+01   2.5947368e+01   2.6714286e+01   2.8503759e+01   3.0548872e+01
   4.0135338e+01   5.7774436e+01   7.0556391e+01   8.3338346e+01   9.1007519e+01   9.5353383e+01   9.4842105e+01   8.4360902e+01   6.6593985e+01   3.3872180e+01   2.0962406e+01   1.8278195e+01   1.9556391e+01   2.0962406e+01   2.2112782e+01
   4.2308271e+01   5.7646617e+01   6.8639098e+01   7.9631579e+01   8.5766917e+01   8.6022556e+01   8.2187970e+01   6.9406015e+01   4.4992481e+01   2.0962406e+01   1.2398496e+01   1.0097744e+01   1.0864662e+01   1.2142857e+01   1.4187970e+01
