   2.0024712e+01   2.0934926e+01   2.1495058e+01   2.3315486e+01   2.7026359e+01   3.5708402e+01   4.9781713e+01   7.2327018e+01   9.4942339e+01   1.1517710e+02   1.2890033e+02   1.4017298e+02   1.4703460e+02   1.4780478e+02   1.4164333e+02
   2.0794893e+01   2.1004942e+01   2.2615321e+01   2.5485997e+01   3.2557661e+01   4.5020593e+01   6.6025535e+01   9.3752059e+01   1.1986820e+02   1.3793245e+02   1.5298600e+02   1.6110791e+02   1.6411862e+02   1.5858731e+02   1.4850494e+02
   2.1144975e+01   2.1915157e+01   2.3875618e+01   3.0107084e+01   4.1029654e+01   5.9514003e+01   8.8780890e+01   1.2140857e+02   1.4787479e+02   1.6635914e+02   1.7602142e+02   1.8015239e+02   1.7455107e+02   1.6467875e+02   1.4647446e+02
   2.1845140e+01   2.3665568e+01   2.8776771e+01   3.8088962e+01   5.2792422e+01   8.3529654e+01   1.2406919e+02   1.5816722e+02   1.7812191e+02   1.9261532e+02   1.9478583e+02   1.9198517e+02   1.8043245e+02   1.6068781e+02   1.4171334e+02
   2.5205931e+01   2.9546952e+01   3.8859143e+01   4.7821252e+01   7.9538715e+01   1.2434926e+02   1.6726936e+02   1.9163509e+02   2.0472817e+02   2.0829901e+02   2.0486820e+02   1.9576606e+02   1.7483114e+02   1.5137562e+02   1.2813015e+02
   3.2487644e+01   4.0609555e+01   5.0761944e+01   7.6598023e+01   1.1776771e+02   1.7126030e+02   1.9961697e+02   2.1369028e+02   2.1796129e+02   2.1726112e+02   2.0955931e+02   1.9233526e+02   1.6243822e+02   1.3471170e+02   1.1146623e+02
   4.3270181e+01   5.5523064e+01   7.5267710e+01   1.1321664e+02   1.5641680e+02   2.0220758e+02   2.1810132e+02   2.2433278e+02   2.2370264e+02   2.1845140e+02   2.0605848e+02   1.7826194e+02   1.4367381e+02   1.1447694e+02   9.1791598e+01
   5.9584020e+01   7.6317957e+01   1.0537479e+02   1.4479407e+02   1.8617381e+02   2.1200988e+02   2.2356260e+02   2.3014415e+02   2.2321252e+02   2.1565074e+02   1.9310544e+02   1.5606672e+02   1.1573723e+02   8.9551071e+01   7.2887150e+01
   7.7718287e+01   1.0026359e+02   1.3331137e+02   1.6992998e+02   2.0073723e+02   2.1649094e+02   2.2545305e+02   2.2503295e+02   2.2062191e+02   2.0430807e+02   1.7385091e+02   1.1930807e+02   8.6400329e+01   6.6445634e+01   5.6923394e+01
   9.6062603e+01   1.2287891e+02   1.5361614e+02   1.8484349e+02   2.0591845e+02   2.1635091e+02   2.1936161e+02   2.1628089e+02   2.0367792e+02   1.9114498e+02   1.2525947e+02   8.0939044e+01   6.1614498e+01   5.1812191e+01   4.5580725e+01
   1.1384679e+02   1.3912273e+02   1.6754942e+02   1.9107496e+02   2.0276771e+02   2.0962932e+02   2.0668863e+02   1.9758649e+02   1.7994234e+02   1.2960049e+02   8.0098847e+01   5.9864086e+01   4.7751236e+01   4.0889621e+01   3.8228995e+01
   1.2511944e+02   1.4976524e+02   1.7238056e+02   1.8645387e+02   1.9485585e+02   1.9366557e+02   1.8449341e+02   1.6600906e+02   1.3282125e+02   8.8010708e+01   6.3364909e+01   4.6630972e+01   3.9839374e+01   3.5918451e+01   3.5568369e+01
   1.3310132e+02   1.5361614e+02   1.7028007e+02   1.7861203e+02   1.7875206e+02   1.7196046e+02   1.5760708e+02   1.3345140e+02   9.7532949e+01   6.9666392e+01   4.8451400e+01   4.0679572e+01   3.5638386e+01   3.4098023e+01   3.3817957e+01
   1.3632208e+02   1.5130560e+02   1.6117792e+02   1.6397858e+02   1.6194811e+02   1.5081549e+02   1.3107084e+02   1.0495470e+02   7.6668040e+01   5.5943163e+01   4.1939868e+01   3.7108731e+01   3.3817957e+01   3.3257825e+01   3.2837727e+01
   1.3338138e+02   1.4311367e+02   1.4885502e+02   1.5004530e+02   1.4339374e+02   1.2869028e+02   1.0824547e+02   8.5350082e+01   6.2944811e+01   4.7541186e+01   3.8299012e+01   3.5148270e+01   3.3257825e+01   3.2277595e+01   3.1577430e+01
