   2.3035420e+01   2.4645799e+01   2.6186161e+01   3.0107084e+01   3.3537891e+01   4.2780066e+01   5.8673806e+01   8.3319605e+01   1.0621499e+02   1.2883031e+02   1.4451400e+02   1.5494646e+02   1.5648682e+02   1.5578666e+02   1.4990527e+02
   2.3525535e+01   2.5065898e+01   2.7866557e+01   3.1927512e+01   3.9979407e+01   5.3352554e+01   7.6738056e+01   1.0446458e+02   1.3303130e+02   1.5354613e+02   1.6803954e+02   1.7455107e+02   1.7245058e+02   1.6803954e+02   1.5697694e+02
   2.5205931e+01   2.6676277e+01   2.9266886e+01   3.7528830e+01   4.9151565e+01   7.0926689e+01   1.0075371e+02   1.3527183e+02   1.6355848e+02   1.8204283e+02   1.9009473e+02   1.9065486e+02   1.8603377e+02   1.7266063e+02   1.5676689e+02
   2.6396211e+01   2.8356672e+01   3.5288303e+01   4.5020593e+01   6.4905272e+01   9.5642504e+01   1.3716227e+02   1.7217051e+02   1.9541598e+02   2.0535832e+02   2.0668863e+02   2.0031713e+02   1.8925453e+02   1.7182043e+02   1.5039539e+02
   2.8636738e+01   3.4868204e+01   4.4110379e+01   5.8883855e+01   9.0531301e+01   1.3653213e+02   1.7931219e+02   2.0451812e+02   2.1894152e+02   2.2062191e+02   2.1537068e+02   2.0339786e+02   1.8848435e+02   1.6320840e+02   1.3814250e+02
   3.6618616e+01   4.6140857e+01   6.0004119e+01   8.6610379e+01   1.2897035e+02   1.8687397e+02   2.1088962e+02   2.2692339e+02   2.3329489e+02   2.2762356e+02   2.1845140e+02   2.0199753e+02   1.7686161e+02   1.4591433e+02   1.2056837e+02
   4.9571664e+01   6.3504942e+01   8.4439868e+01   1.2441928e+02   1.7252059e+02   2.1011944e+02   2.2930395e+02   2.4330725e+02   2.3917628e+02   2.2832372e+02   2.1614086e+02   1.9142504e+02   1.5473641e+02   1.2329901e+02   9.8933278e+01
   6.7425865e+01   8.4789951e+01   1.1601730e+02   1.5739703e+02   1.9891680e+02   2.1908155e+02   2.5002883e+02   2.5500000e+02   2.3910626e+02   2.2370264e+02   2.0570840e+02   1.6838962e+02   1.2560956e+02   9.6342669e+01   7.7858320e+01
   8.6120264e+01   1.1041598e+02   1.4570428e+02   1.8316310e+02   2.1081960e+02   2.3042422e+02   2.4519769e+02   2.4407743e+02   2.2860379e+02   2.1137974e+02   1.8659390e+02   1.3079077e+02   9.3051895e+01   7.2677100e+01   6.0284185e+01
   1.0628501e+02   1.3380148e+02   1.6495881e+02   1.9632619e+02   2.1663097e+02   2.3119440e+02   2.3406507e+02   2.2503295e+02   2.1264003e+02   1.9842669e+02   1.3814250e+02   8.7870675e+01   6.7845964e+01   5.4472817e+01   4.6841021e+01
   1.2266886e+02   1.5102554e+02   1.7938221e+02   1.9989703e+02   2.1579077e+02   2.2398270e+02   2.2083196e+02   2.0934926e+02   1.9212521e+02   1.4304366e+02   8.5560132e+01   6.6935750e+01   5.0411862e+01   4.2990115e+01   4.0189456e+01
   1.3618204e+02   1.6236820e+02   1.8365321e+02   1.9849671e+02   2.1039951e+02   2.1032949e+02   1.9821664e+02   1.7770181e+02   1.4311367e+02   9.4732290e+01   6.9736409e+01   4.9571664e+01   4.1729819e+01   3.7878913e+01   3.6758649e+01
   1.4577430e+02   1.6565898e+02   1.8211285e+02   1.9233526e+02   1.9653624e+02   1.8715404e+02   1.6775947e+02   1.4178336e+02   1.0537479e+02   7.5897858e+01   5.2862438e+01   4.1309720e+01   3.7668863e+01   3.5498353e+01   3.5008237e+01
   1.4815486e+02   1.6257825e+02   1.7490115e+02   1.7910214e+02   1.7609143e+02   1.6124794e+02   1.4031301e+02   1.1195634e+02   8.1639209e+01   5.9233937e+01   4.4180395e+01   3.7248764e+01   3.5848435e+01   3.5288303e+01   3.4448105e+01
   1.4437397e+02   1.5473641e+02   1.6243822e+02   1.6467875e+02   1.5417628e+02   1.3863262e+02   1.1468699e+02   8.9831137e+01   6.6655684e+01   4.9571664e+01   3.9349259e+01   3.6478583e+01   3.5358320e+01   3.4098023e+01   3.2627677e+01
