   6.8688175e+00   7.3733070e+00   8.0330239e+00   8.4210927e+00   7.8001826e+00   6.3643281e+00   6.4419419e+00   6.0538731e+00   5.8598387e+00   5.8210318e+00   5.8598387e+00   5.5105768e+00   5.2389286e+00   5.0060874e+00   4.4239842e+00
   7.1404657e+00   7.7613757e+00   9.7017197e+00   1.0361437e+01   1.0322630e+01   8.8479683e+00   8.4598996e+00   7.7613757e+00   7.4509207e+00   6.7523969e+00   6.7135900e+00   6.8300107e+00   6.2479075e+00   5.7822249e+00   5.8598387e+00
   7.6837620e+00   8.6927408e+00   1.1215188e+01   1.2457008e+01   1.2418201e+01   1.1564450e+01   1.1758484e+01   1.0283823e+01   9.0420027e+00   8.5375133e+00   7.9166033e+00   8.4598996e+00   7.8389895e+00   6.9464313e+00   5.8210318e+00
   8.6151271e+00   1.0827119e+01   1.1991326e+01   1.4746614e+01   1.6027241e+01   1.6298889e+01   1.6221275e+01   1.4669000e+01   1.2185360e+01   1.0089788e+01   9.6241059e+00   9.0420027e+00   8.6151271e+00   7.5673413e+00   7.5673413e+00
   9.0420027e+00   1.0555471e+01   1.3931669e+01   1.6764572e+01   2.0373611e+01   2.2507990e+01   2.4331913e+01   2.1964693e+01   1.7657130e+01   1.3582408e+01   1.1292802e+01   1.0943540e+01   9.8957541e+00   9.0420027e+00   8.4598996e+00
   8.6927408e+00   1.1758484e+01   1.5406331e+01   1.9287019e+01   2.4991630e+01   3.1006696e+01   3.7099376e+01   3.2753006e+01   2.3633389e+01   1.7540709e+01   1.3000304e+01   1.2883884e+01   1.2224167e+01   1.1409222e+01   1.0400243e+01
   9.7017197e+00   1.1680870e+01   1.5988434e+01   2.1149749e+01   2.9182773e+01   4.0708416e+01   5.3010196e+01   4.8081723e+01   3.4305281e+01   2.2003500e+01   1.6803378e+01   1.4086897e+01   1.3970476e+01   1.2107746e+01   1.0827119e+01
   1.0361437e+01   1.2030132e+01   1.6609344e+01   2.3711003e+01   3.3956019e+01   4.8935474e+01   6.4807487e+01   6.2052199e+01   4.2377112e+01   2.6466291e+01   1.8743722e+01   1.6027241e+01   1.4669000e+01   1.4009283e+01   1.1642064e+01
   9.8181403e+00   1.1292802e+01   1.5095876e+01   2.2779638e+01   3.4887384e+01   4.7926495e+01   5.9646173e+01   6.0655151e+01   4.6141379e+01   3.1860447e+01   2.2119921e+01   1.7346675e+01   1.4436159e+01   1.3698828e+01   1.2651042e+01
   9.2360371e+00   1.0594278e+01   1.2767463e+01   1.9752701e+01   2.9260387e+01   3.6012783e+01   4.1251712e+01   4.2765180e+01   3.8962106e+01   3.2170902e+01   2.5728961e+01   1.9869122e+01   1.7113834e+01   1.4242124e+01   1.3698828e+01
   8.1106377e+00   8.8479683e+00   1.0516664e+01   1.4319738e+01   1.9636281e+01   2.4914016e+01   2.6815553e+01   2.8523056e+01   2.9454421e+01   2.8833511e+01   2.5690154e+01   2.2857252e+01   1.8239233e+01   1.5794400e+01   1.3427180e+01
   7.8389895e+00   8.1494445e+00   1.0050982e+01   1.2068939e+01   1.4280931e+01   1.6958606e+01   1.9985543e+01   2.2119921e+01   2.2973672e+01   2.4370720e+01   2.2624410e+01   2.1188556e+01   1.8394461e+01   1.5872013e+01   1.4125704e+01
   7.3345001e+00   7.7225689e+00   9.0420027e+00   1.1021154e+01   1.2806270e+01   1.4901841e+01   1.6609344e+01   1.7657130e+01   1.8394461e+01   2.0567646e+01   2.0567646e+01   1.9015371e+01   1.7152640e+01   1.5134683e+01   1.3310759e+01
   6.4807487e+00   7.2568863e+00   8.7315477e+00   1.0206209e+01   1.1253995e+01   1.2573429e+01   1.4048090e+01   1.5289910e+01   1.6104855e+01   1.7579516e+01   1.8472074e+01   1.8433267e+01   1.6376503e+01   1.4707807e+01   1.2961497e+01
   6.1314868e+00   6.4807487e+00   8.3046720e+00   8.9643890e+00   9.7405266e+00   1.0050982e+01   1.1448029e+01   1.2689849e+01   1.3892863e+01   1.5328717e+01   1.7851164e+01   1.7851164e+01   1.6182468e+01   1.4979455e+01   1.2728656e+01
