   8.6533755e-01   9.9014585e-01   1.7556368e+00   2.9953992e+00   5.4582830e+00   7.4552158e+00   8.5119261e+00   8.2123862e+00   6.3153000e+00   3.6860052e+00   1.8388423e+00   7.9045257e-01   3.5778380e-01   2.1633439e-01   2.2465494e-01
   6.3236206e-01   6.7396483e-01   1.1648775e+00   2.1134206e+00   4.2268411e+00   6.5649166e+00   7.9877313e+00   7.6881913e+00   5.6746174e+00   3.1118870e+00   1.4394557e+00   6.0740040e-01   2.3297550e-01   1.5809051e-01   1.8305217e-01
   4.9091265e-01   5.0755376e-01   7.9045257e-01   1.3396091e+00   3.1285281e+00   5.5331680e+00   7.2055992e+00   7.1140732e+00   4.9756909e+00   2.5044866e+00   1.1981597e+00   4.9091265e-01   1.7473162e-01   1.3312885e-01   1.4976996e-01
   4.4930988e-01   4.0770712e-01   5.4915652e-01   7.6549091e-01   2.1217411e+00   4.3183672e+00   6.3153000e+00   6.3818645e+00   4.2850850e+00   2.0135739e+00   1.0151075e+00   4.1602767e-01   1.9137273e-01   1.2480830e-01   1.4144941e-01
   4.0770712e-01   3.5778380e-01   4.0770712e-01   4.4930988e-01   1.3146474e+00   3.1285281e+00   5.4499625e+00   5.6496558e+00   3.7276079e+00   1.6641107e+00   7.4884981e-01   3.2450158e-01   1.7473162e-01   1.4144941e-01   1.3312885e-01
   3.9938656e-01   3.4946324e-01   3.1618103e-01   3.0786048e-01   8.4037589e-01   2.3131138e+00   4.5846249e+00   5.0672170e+00   3.2949391e+00   1.3978530e+00   6.4068261e-01   2.8289882e-01   1.9137273e-01   1.4144941e-01   1.1648775e-01
   4.1602767e-01   3.1618103e-01   2.9121937e-01   2.6625771e-01   5.4083597e-01   1.8138806e+00   3.9439423e+00   4.5763044e+00   3.0370020e+00   1.4893791e+00   5.9075929e-01   2.7457826e-01   1.9969328e-01   1.6641107e-01   1.1648775e-01
   3.9938656e-01   3.0786048e-01   2.4129605e-01   2.2465494e-01   4.2434822e-01   1.5393024e+00   3.4863119e+00   4.2518028e+00   2.9454759e+00   1.5309818e+00   5.4915652e-01   2.6625771e-01   2.1633439e-01   1.9969328e-01   1.4976996e-01
   3.5778380e-01   2.6625771e-01   2.4129605e-01   2.2465494e-01   3.5778380e-01   1.4144941e+00   3.2533364e+00   4.2351617e+00   3.0453225e+00   1.6724312e+00   6.0740040e-01   2.9121937e-01   2.3297550e-01   2.1633439e-01   1.6641107e-01
   3.4114269e-01   2.6625771e-01   2.7457826e-01   2.5793716e-01   4.1602767e-01   1.3978530e+00   3.2283747e+00   4.4015727e+00   3.3864652e+00   1.8138806e+00   7.3220870e-01   3.1618103e-01   2.6625771e-01   2.2465494e-01   1.7473162e-01
   3.2450158e-01   2.4961660e-01   2.6625771e-01   2.6625771e-01   5.4083597e-01   1.5809051e+00   3.4946324e+00   4.9174471e+00   3.9106601e+00   2.2049467e+00   9.6518419e-01   3.7442490e-01   2.7457826e-01   2.4129605e-01   1.9137273e-01
   2.9121937e-01   2.6625771e-01   2.5793716e-01   3.3282214e-01   6.1572095e-01   1.8222012e+00   4.0521095e+00   5.8992724e+00   4.5180605e+00   2.6708976e+00   1.2564036e+00   5.1587431e-01   2.9953992e-01   2.4961660e-01   2.2465494e-01
   2.7457826e-01   2.4129605e-01   2.5793716e-01   3.8274546e-01   7.9877313e-01   2.1883055e+00   4.6012660e+00   6.7646099e+00   5.3334747e+00   3.1867720e+00   1.6058668e+00   7.0724704e-01   3.7442490e-01   2.6625771e-01   2.5793716e-01
   2.4961660e-01   2.4129605e-01   2.6625771e-01   4.5763044e-01   1.0567103e+00   2.6542565e+00   5.3334747e+00   7.5550625e+00   6.1239273e+00   3.9023395e+00   2.1134206e+00   9.9846641e-01   4.9091265e-01   2.6625771e-01   2.5793716e-01
   2.6625771e-01   2.3297550e-01   2.5793716e-01   5.4915652e-01   1.3562502e+00   3.2533364e+00   5.9907984e+00   8.4952850e+00   6.9393415e+00   4.6844716e+00   2.7208210e+00   1.3146474e+00   7.1556759e-01   3.0786048e-01   2.6625771e-01
