   1.8415499e+02   1.9655812e+02   2.0496702e+02   2.1232481e+02   2.2241550e+02   2.2788129e+02   2.3208574e+02   2.3229596e+02   2.2640973e+02   2.2010305e+02   2.1274526e+02   2.0601814e+02   1.9887057e+02   1.8814922e+02   1.7553586e+02
   2.0181369e+02   2.1001237e+02   2.1737016e+02   2.2535862e+02   2.3355730e+02   2.4091509e+02   2.4785243e+02   2.5205688e+02   2.5352844e+02   2.5100577e+02   2.4301731e+02   2.3166529e+02   2.1989283e+02   2.0896125e+02   1.9950124e+02
   2.1316570e+02   2.2136439e+02   2.2914262e+02   2.3586974e+02   2.4385820e+02   2.4995466e+02   2.5352844e+02   2.5415911e+02   2.5457955e+02   2.5436933e+02   2.5352844e+02   2.4974444e+02   2.4469909e+02   2.3586974e+02   2.2472795e+02
   2.2514839e+02   2.3145507e+02   2.3965375e+02   2.4638087e+02   2.4995466e+02   2.5205688e+02   2.5310800e+02   2.5415911e+02   2.5415911e+02   2.5373866e+02   2.5352844e+02   2.5331822e+02   2.5121599e+02   2.4638087e+02   2.4364798e+02
   2.3376752e+02   2.4091509e+02   2.4511954e+02   2.4869332e+02   2.4995466e+02   2.5079555e+02   2.5163644e+02   2.5373866e+02   2.5310800e+02   2.5247733e+02   2.5247733e+02   2.5268755e+02   2.5226711e+02   2.4995466e+02   2.4596043e+02
   2.3818219e+02   2.4133553e+02   2.4406843e+02   2.4511954e+02   2.4617065e+02   2.4701154e+02   2.4827288e+02   2.4995466e+02   2.4953421e+02   2.4890354e+02   2.4869332e+02   2.4827288e+02   2.4785243e+02   2.4722176e+02   2.4490932e+02
   2.4070486e+02   2.4238664e+02   2.4301731e+02   2.4343776e+02   2.4406843e+02   2.4511954e+02   2.4659110e+02   2.4806265e+02   2.4596043e+02   2.4575021e+02   2.4575021e+02   2.4532976e+02   2.4427865e+02   2.4406843e+02   2.4301731e+02
   2.4154575e+02   2.4301731e+02   2.4322754e+02   2.4490932e+02   2.4553998e+02   2.4659110e+02   2.4827288e+02   2.5016488e+02   2.4722176e+02   2.4659110e+02   2.4596043e+02   2.4490932e+02   2.4490932e+02   2.4427865e+02   2.4343776e+02
   2.3692086e+02   2.3881286e+02   2.3944353e+02   2.3986397e+02   2.4049464e+02   2.4112531e+02   2.4343776e+02   2.4385820e+02   2.4259687e+02   2.4259687e+02   2.4238664e+02   2.4133553e+02   2.4175598e+02   2.4154575e+02   2.4091509e+02
   2.3523908e+02   2.3629019e+02   2.3713108e+02   2.3713108e+02   2.3734130e+02   2.3755153e+02   2.3923331e+02   2.4028442e+02   2.3923331e+02   2.3860264e+02   2.3839242e+02   2.3881286e+02   2.3839242e+02   2.3776175e+02   2.3692086e+02
   2.3124485e+02   2.3418796e+02   2.3418796e+02   2.3439819e+02   2.3481863e+02   2.3523908e+02   2.3671063e+02   2.3755153e+02   2.3607997e+02   2.3607997e+02   2.3629019e+02   2.3650041e+02   2.3565952e+02   2.3376752e+02   2.3103462e+02
   2.2346661e+02   2.2851195e+02   2.3040396e+02   2.3145507e+02   2.3187552e+02   2.3292663e+02   2.3355730e+02   2.3460841e+02   2.3376752e+02   2.3355730e+02   2.3229596e+02   2.3061418e+02   2.2914262e+02   2.2556884e+02   2.2094394e+02
   1.9508656e+02   2.0685903e+02   2.1694971e+02   2.2220528e+02   2.2577906e+02   2.2704040e+02   2.2851195e+02   2.2704040e+02   2.2430750e+02   2.2220528e+02   2.2136439e+02   2.1884171e+02   2.1652927e+02   2.1169415e+02   2.0664880e+02
   1.6292251e+02   1.7364386e+02   1.7784831e+02   1.8268343e+02   1.8920033e+02   1.9508656e+02   1.9781946e+02   1.9950124e+02   1.9929101e+02   1.9887057e+02   1.9718879e+02   1.9592745e+02   1.9361500e+02   1.9004122e+02   1.8331410e+02
   1.2340066e+02   1.2991756e+02   1.3937758e+02   1.4505359e+02   1.4883759e+02   1.5115004e+02   1.5472383e+02   1.5808739e+02   1.6208162e+02   1.6271228e+02   1.6481451e+02   1.6397362e+02   1.6145095e+02   1.5745672e+02   1.5451360e+02
