   5.2389286e+00   5.7434180e+00   6.0926800e+00   6.8688175e+00   6.2867144e+00   5.5105768e+00   5.7822249e+00   5.0448942e+00   5.0060874e+00   5.0837011e+00   4.4239842e+00   4.6956323e+00   3.9194947e+00   4.0747223e+00   3.6090397e+00
   5.0837011e+00   5.9374524e+00   7.2956932e+00   8.3046720e+00   8.0718308e+00   7.2180794e+00   6.7523969e+00   6.9464313e+00   6.5971694e+00   6.2867144e+00   5.7822249e+00   6.1314868e+00   5.6269974e+00   5.0837011e+00   4.8120530e+00
   5.3165424e+00   6.8688175e+00   8.3822858e+00   1.0361437e+01   1.1137574e+01   1.0167402e+01   9.5464922e+00   9.0420027e+00   8.4987064e+00   7.8777964e+00   7.2568863e+00   7.9554101e+00   7.1016588e+00   6.2479075e+00   5.5881905e+00
   6.0926800e+00   7.2956932e+00   9.6629128e+00   1.1952519e+01   1.4242124e+01   1.5445138e+01   1.3504794e+01   1.1642064e+01   1.0322630e+01   8.7703546e+00   7.8001826e+00   7.9166033e+00   7.9166033e+00   8.1494445e+00   7.5285345e+00
   6.2479075e+00   7.9554101e+00   1.0516664e+01   1.4164511e+01   1.8045199e+01   2.2430376e+01   2.2042307e+01   1.8433267e+01   1.3582408e+01   1.0555471e+01   8.3822858e+00   8.1494445e+00   8.8091615e+00   8.4987064e+00   8.6539340e+00
   6.1314868e+00   7.8777964e+00   1.1642064e+01   1.5872013e+01   2.2663217e+01   3.4266474e+01   4.4783138e+01   4.1368133e+01   2.5418506e+01   1.6143662e+01   1.0633085e+01   1.0206209e+01   9.8957541e+00   1.0245016e+01   1.0283823e+01
   6.9464313e+00   8.1494445e+00   1.1913712e+01   1.6648151e+01   2.6311064e+01   5.2971389e+01   1.1288921e+02   1.1199665e+02   6.1702937e+01   2.6543905e+01   1.5367524e+01   1.2651042e+01   1.2185360e+01   1.0982347e+01   1.1215188e+01
   6.8688175e+00   8.2658652e+00   1.0516664e+01   1.5949627e+01   2.7591691e+01   6.3953736e+01   1.6896515e+02   1.9201644e+02   9.2166337e+01   4.4317455e+01   2.0645259e+01   1.7113834e+01   1.4746614e+01   1.3039111e+01   1.1991326e+01
   6.5971694e+00   7.1404657e+00   8.8091615e+00   1.3660021e+01   2.2275148e+01   4.8741440e+01   1.1195785e+02   1.3074037e+02   8.9100594e+01   4.7150358e+01   2.6621519e+01   1.8472074e+01   1.5716786e+01   1.4125704e+01   1.2651042e+01
   6.2091006e+00   6.7912038e+00   7.6449551e+00   1.1021154e+01   1.6104855e+01   2.6543905e+01   4.2920408e+01   5.8287932e+01   5.1923604e+01   3.9544209e+01   2.8057373e+01   1.9985543e+01   1.6376503e+01   1.5600365e+01   1.3077918e+01
   5.4717699e+00   5.5881905e+00   6.4419419e+00   8.6151271e+00   1.1486836e+01   1.6376503e+01   2.2158728e+01   2.8406635e+01   3.2403744e+01   2.9881297e+01   2.4991630e+01   2.0412418e+01   1.7152640e+01   1.5134683e+01   1.3155532e+01
   4.9672805e+00   5.5105768e+00   6.7523969e+00   8.3434789e+00   1.0050982e+01   1.2262974e+01   1.4048090e+01   1.7424289e+01   2.1421397e+01   2.2779638e+01   2.0839294e+01   1.9442246e+01   1.6686958e+01   1.3582408e+01   1.3077918e+01
   4.2299498e+00   5.3941561e+00   7.5673413e+00   7.9166033e+00   9.7017197e+00   1.0671892e+01   1.1836098e+01   1.3194339e+01   1.6376503e+01   1.8122812e+01   1.8161619e+01   1.7618323e+01   1.5328717e+01   1.3698828e+01   1.2146553e+01
   3.9971085e+00   4.9284736e+00   6.5195556e+00   7.5285345e+00   7.7613757e+00   9.1196165e+00   1.0283823e+01   1.1137574e+01   1.3892863e+01   1.6182468e+01   1.6454117e+01   1.6415310e+01   1.4824228e+01   1.2767463e+01   1.1952519e+01
   4.0747223e+00   4.9672805e+00   5.6269974e+00   6.5583625e+00   7.0240450e+00   7.2180794e+00   9.0420027e+00   1.0245016e+01   1.1836098e+01   1.3504794e+01   1.4707807e+01   1.5173490e+01   1.4242124e+01   1.3582408e+01   1.1874905e+01
