   8.8174977e+01   9.0070716e+01   9.1642792e+01   8.9423391e+01   8.4244787e+01   7.8141432e+01   6.9125113e+01   6.0617407e+01   5.2433364e+01   4.7254760e+01   4.3463282e+01   4.0596555e+01   3.8932004e+01   3.7637353e+01   3.7591115e+01
   9.3769719e+01   9.8902085e+01   1.0232366e+02   1.0375703e+02   1.0200000e+02   9.5619220e+01   8.5631913e+01   7.4766092e+01   6.2929284e+01   5.3450589e+01   4.8503173e+01   4.3740707e+01   4.1428830e+01   3.9718042e+01   3.9116954e+01
   9.6497733e+01   1.0537534e+02   1.1272711e+02   1.1647235e+02   1.2086491e+02   1.1957026e+02   1.0856573e+02   9.4232094e+01   8.0776972e+01   6.5056210e+01   5.6409791e+01   4.9659112e+01   4.5174071e+01   4.2538531e+01   4.1151405e+01
   9.4509519e+01   1.0736355e+02   1.1906165e+02   1.2914143e+02   1.3806528e+02   1.4398368e+02   1.4102448e+02   1.2498005e+02   1.0250861e+02   8.3504986e+01   6.6304624e+01   5.7334542e+01   5.0583862e+01   4.5312783e+01   4.2399819e+01
   8.6602901e+01   1.0417316e+02   1.2151224e+02   1.3783409e+02   1.5290752e+02   1.6608522e+02   1.7084769e+02   1.6418948e+02   1.3658568e+02   1.0361831e+02   8.5169538e+01   6.6766999e+01   5.6548504e+01   4.9150499e+01   4.3879420e+01
   7.9759746e+01   9.6451496e+01   1.2063373e+02   1.4412239e+02   1.6617770e+02   1.8296192e+02   1.9267180e+02   1.9313418e+02   1.7893926e+02   1.4476972e+02   1.0139891e+02   8.2626473e+01   6.4871260e+01   5.5300091e+01   4.8595648e+01
   7.1436990e+01   8.6186763e+01   1.0916682e+02   1.4361378e+02   1.7038531e+02   1.9202448e+02   2.0543336e+02   2.0783772e+02   1.9928377e+02   1.7681233e+02   1.3038985e+02   9.7838622e+01   7.6569356e+01   6.2189483e+01   5.3126927e+01
   6.0524932e+01   7.4627380e+01   9.5249320e+01   1.2747688e+02   1.6520671e+02   1.9341160e+02   2.0848504e+02   2.1315503e+02   2.0631188e+02   1.9498368e+02   1.6127652e+02   1.1957026e+02   9.0625567e+01   7.0789665e+01   5.8999093e+01
   5.4467815e+01   6.2374433e+01   7.9667271e+01   1.0482049e+02   1.4088577e+02   1.8629102e+02   2.0159565e+02   2.0769900e+02   2.0473980e+02   1.9558477e+02   1.7394560e+02   1.4329012e+02   1.0828830e+02   8.3689937e+01   6.8662738e+01
   5.0953762e+01   5.6409791e+01   6.5518586e+01   8.6556664e+01   1.1342067e+02   1.5235267e+02   1.8915775e+02   1.9803536e+02   1.9785041e+02   1.8980508e+02   1.7241976e+02   1.5249139e+02   1.2613599e+02   9.8208522e+01   7.7910245e+01
   4.8179510e+01   5.1970988e+01   5.8721668e+01   6.7784225e+01   9.0902992e+01   1.1277335e+02   1.4574071e+02   1.7690481e+02   1.8305440e+02   1.7801451e+02   1.6664007e+02   1.5258386e+02   1.3422756e+02   1.1147869e+02   8.8591115e+01
   4.5636446e+01   4.9659112e+01   5.3080689e+01   5.9276519e+01   7.1159565e+01   9.2290118e+01   1.1254216e+02   1.3769538e+02   1.5785494e+02   1.6178513e+02   1.5563554e+02   1.4439982e+02   1.3367271e+02   1.1753581e+02   9.9965549e+01
   4.5081596e+01   4.7116047e+01   5.0722575e+01   5.3635539e+01   6.1449683e+01   7.3147779e+01   8.9700816e+01   1.0727108e+02   1.2493382e+02   1.3972983e+02   1.4065458e+02   1.3598459e+02   1.2770807e+02   1.1785947e+02   1.0528286e+02
   4.4341795e+01   4.6098821e+01   4.8040798e+01   5.1369900e+01   5.7242067e+01   6.3160471e+01   7.2038078e+01   8.4753400e+01   9.9271985e+01   1.1406800e+02   1.2373164e+02   1.2428649e+02   1.2086491e+02   1.1351315e+02   1.0625385e+02
   4.3370807e+01   4.5174071e+01   4.7393472e+01   4.9566636e+01   5.3265639e+01   5.8166818e+01   6.2374433e+01   6.9818676e+01   8.2025385e+01   9.4648232e+01   1.0583772e+02   1.1147869e+02   1.1249592e+02   1.0898187e+02   1.0287851e+02
