   3.7114903e-01   3.0929085e-01   2.6805207e-01   2.6805207e-01   2.5774238e-01   2.3712299e-01   2.0619390e-01   1.7526482e-01   1.4433573e-01   1.4433573e-01   1.3402604e-01   1.1340665e-01   8.2477561e-02   9.2787256e-02   9.2787256e-02
   3.4021994e-01   2.8867146e-01   2.6805207e-01   2.4743268e-01   2.1650360e-01   1.8557451e-01   1.6495512e-01   1.3402604e-01   1.2371634e-01   1.1340665e-01   1.0309695e-01   7.2167866e-02   7.2167866e-02   7.2167866e-02   9.2787256e-02
   4.8455567e-01   2.4743268e-01   1.5464543e-01   1.0309695e-01   6.1858171e-02   4.1238781e-02   5.1548476e-02   5.1548476e-02   4.1238781e-02   2.0619390e-02   2.0619390e-02   3.0929085e-02   5.1548476e-02   1.1340665e-01   2.0619390e-01
   1.0000404e+00   4.5362659e-01   1.8557451e-01   9.2787256e-02   7.2167866e-02   8.2477561e-02   7.2167866e-02   6.1858171e-02   4.1238781e-02   3.0929085e-02   4.1238781e-02   1.1340665e-01   1.6495512e-01   2.1650360e-01   3.2991025e-01
   2.2062748e+00   1.4021185e+00   6.7013019e-01   3.2991025e-01   1.5464543e-01   8.2477561e-02   6.1858171e-02   4.1238781e-02   5.1548476e-02   4.1238781e-02   1.2371634e-01   2.4743268e-01   4.1238781e-01   5.4641384e-01   7.2167866e-01
   4.0517102e+00   2.8557856e+00   1.6598609e+00   8.1446592e-01   3.7114903e-01   1.3402604e-01   6.1858171e-02   5.1548476e-02   8.2477561e-02   1.7526482e-01   3.9176842e-01   6.1858171e-01   8.3508531e-01   1.1546859e+00   1.5258349e+00
   6.2064365e+00   4.8867955e+00   3.7011806e+00   2.4949462e+00   1.4639767e+00   8.3508531e-01   4.8455567e-01   3.9176842e-01   4.2269750e-01   5.9796232e-01   8.5570470e-01   1.2062343e+00   1.6495512e+00   2.2372038e+00   3.1960055e+00
   7.8456780e+00   6.8662570e+00   5.5672354e+00   4.2785235e+00   3.0722892e+00   2.2372038e+00   1.5670737e+00   1.3505701e+00   1.2165440e+00   1.2062343e+00   1.4949058e+00   1.8763645e+00   2.5568044e+00   3.5774642e+00   4.7115307e+00
   6.4538692e+00   5.4538287e+00   4.3506914e+00   3.2269346e+00   2.1444166e+00   1.2784022e+00   7.7322714e-01   5.2579445e-01   4.6393628e-01   4.7424598e-01   5.8765262e-01   9.1756287e-01   1.5155252e+00   2.5155656e+00   3.7114903e+00
   4.0310908e+00   3.3815800e+00   2.4640171e+00   1.5876931e+00   8.1446592e-01   4.3300720e-01   1.3402604e-01   6.1858171e-02   5.1548476e-02   7.2167866e-02   1.7526482e-01   3.2991025e-01   6.4951079e-01   1.2577828e+00   2.2681329e+00
   2.0516293e+00   1.5464543e+00   9.8973074e-01   4.6393628e-01   2.0619390e-01   6.1858171e-02   3.0929085e-02   4.1238781e-02   5.1548476e-02   6.1858171e-02   6.1858171e-02   1.0309695e-01   2.1650360e-01   4.5362659e-01   1.0928277e+00
   9.7942104e-01   5.8765262e-01   3.0929085e-01   1.5464543e-01   7.2167866e-02   5.1548476e-02   6.1858171e-02   6.1858171e-02   5.1548476e-02   5.1548476e-02   6.1858171e-02   7.2167866e-02   1.4433573e-01   1.9588421e-01   2.7836177e-01
   4.3300720e-01   2.6805207e-01   1.4433573e-01   9.2787256e-02   9.2787256e-02   1.3402604e-01   1.3402604e-01   9.2787256e-02   8.2477561e-02   1.0309695e-01   1.2371634e-01   1.5464543e-01   1.5464543e-01   1.7526482e-01   2.2681329e-01
   2.4743268e-01   1.1340665e-01   8.2477561e-02   4.1238781e-02   5.1548476e-02   8.2477561e-02   9.2787256e-02   1.0309695e-01   9.2787256e-02   1.1340665e-01   1.2371634e-01   1.3402604e-01   1.5464543e-01   1.6495512e-01   1.9588421e-01
   1.5464543e-01   9.2787256e-02   6.1858171e-02   4.1238781e-02   6.1858171e-02   6.1858171e-02   7.2167866e-02   8.2477561e-02   9.2787256e-02   7.2167866e-02   7.2167866e-02   9.2787256e-02   1.1340665e-01   1.4433573e-01   1.7526482e-01
