   5.6240602e+00   5.4962406e+00   4.6015038e+00   4.0902256e+00   6.1353383e+00   9.2030075e+00   1.9428571e+01   3.6939850e+01   5.2406015e+01   6.3781955e+01   6.0586466e+01   5.1639098e+01   4.1669173e+01   3.1954887e+01   2.2240602e+01
   8.3082707e+00   7.2857143e+00   5.7518797e+00   4.4736842e+00   6.3909774e+00   1.1248120e+01   2.6842105e+01   4.3969925e+01   5.9691729e+01   6.6082707e+01   5.9947368e+01   4.9466165e+01   3.8984962e+01   2.6969925e+01   1.7511278e+01
   1.1248120e+01   9.8421053e+00   8.1804511e+00   7.2857143e+00   8.6917293e+00   1.6616541e+01   3.7195489e+01   5.1766917e+01   6.6466165e+01   6.7872180e+01   5.7646617e+01   4.5375940e+01   3.4511278e+01   2.2496241e+01   1.3037594e+01
   1.6360902e+01   1.5210526e+01   1.3804511e+01   1.2015038e+01   1.3421053e+01   2.7992481e+01   4.6526316e+01   6.2120301e+01   7.4007519e+01   7.0812030e+01   5.7390977e+01   4.6015038e+01   3.1954887e+01   2.1345865e+01   1.3293233e+01
   2.3774436e+01   2.1984962e+01   2.0578947e+01   1.9300752e+01   2.4285714e+01   4.7293233e+01   6.1864662e+01   7.5669173e+01   8.2827068e+01   7.4135338e+01   5.9308271e+01   4.6270677e+01   3.1954887e+01   2.2624060e+01   1.5082707e+01
   2.7225564e+01   2.7225564e+01   2.6969925e+01   2.6586466e+01   3.8218045e+01   6.3526316e+01   7.5796992e+01   8.8834586e+01   8.9729323e+01   7.6819549e+01   6.1736842e+01   4.4736842e+01   3.2338346e+01   2.1090226e+01   1.7766917e+01
   2.7864662e+01   2.8631579e+01   2.9270677e+01   3.2977444e+01   5.2533835e+01   7.2473684e+01   8.5383459e+01   9.4969925e+01   9.2669173e+01   7.6563910e+01   5.8413534e+01   4.0902256e+01   2.9015038e+01   2.2240602e+01   2.1345865e+01
   2.6458647e+01   2.7609023e+01   2.9270677e+01   3.9879699e+01   5.9947368e+01   7.7714286e+01   8.9857143e+01   9.6503759e+01   9.1135338e+01   7.1578947e+01   5.2406015e+01   3.8984962e+01   2.7481203e+01   2.5308271e+01   2.4924812e+01
   2.2496241e+01   2.3135338e+01   3.0293233e+01   4.3330827e+01   6.3909774e+01   8.0015038e+01   9.2157895e+01   9.4330827e+01   8.5383459e+01   6.1992481e+01   4.6398496e+01   3.3488722e+01   2.8248120e+01   2.7481203e+01   2.6203008e+01
   1.7511278e+01   2.1218045e+01   3.1187970e+01   4.6398496e+01   6.3398496e+01   7.8481203e+01   8.7939850e+01   8.7428571e+01   7.2601504e+01   5.0233083e+01   3.7195489e+01   2.5947368e+01   2.4669173e+01   2.3646617e+01   2.3390977e+01
   1.4443609e+01   2.0962406e+01   3.1060150e+01   4.7421053e+01   6.1353383e+01   7.3879699e+01   8.0909774e+01   7.6308271e+01   5.7007519e+01   3.7834586e+01   2.3390977e+01   1.9172932e+01   1.9045113e+01   1.9300752e+01   1.9172932e+01
   1.3421053e+01   2.1601504e+01   3.6172932e+01   4.9338346e+01   6.0969925e+01   7.1323308e+01   7.3112782e+01   6.2631579e+01   4.2691729e+01   2.4157895e+01   1.3932331e+01   1.3421053e+01   1.3932331e+01   1.4443609e+01   1.4443609e+01
   1.4699248e+01   2.5819549e+01   3.9112782e+01   5.1639098e+01   6.0203008e+01   6.8511278e+01   6.6210526e+01   5.1000000e+01   3.3616541e+01   1.4315789e+01   9.2030075e+00   9.8421053e+00   1.0481203e+01   1.0225564e+01   1.0736842e+01
   1.8406015e+01   3.0676692e+01   4.2819549e+01   5.3045113e+01   5.9819549e+01   6.5699248e+01   5.8285714e+01   4.2819549e+01   2.3263158e+01   1.0609023e+01   8.1804511e+00   8.5639098e+00   9.0751880e+00   9.2030075e+00   9.0751880e+00
   2.2496241e+01   3.5022556e+01   4.6398496e+01   5.5218045e+01   6.0458647e+01   6.1097744e+01   5.1639098e+01   3.5278195e+01   1.6360902e+01   8.8195489e+00   7.6691729e+00   7.9248120e+00   8.3082707e+00   8.5639098e+00   8.4360902e+00
