   2.5990940e+00   4.0430351e+00   3.7542469e+00   2.8878822e+00   1.1551529e+00   2.8878822e-01   1.4439411e+00   4.3318233e+00   5.4869762e+00   1.4439411e+00   2.8878822e-01   8.6636467e-01   2.3103058e+00   2.5990940e+00   2.3103058e+00
   1.4439411e+00   3.1766704e+00   4.3318233e+00   3.7542469e+00   1.7327293e+00   2.8878822e-01   1.4439411e+00   4.3318233e+00   4.0430351e+00   8.6636467e-01   1.1551529e+00   2.3103058e+00   2.8878822e+00   2.5990940e+00   1.7327293e+00
   2.0215176e+00   1.1551529e+00   2.8878822e+00   3.4654587e+00   2.0215176e+00   5.7757644e-01   1.4439411e+00   4.0430351e+00   2.8878822e+00   1.1551529e+00   2.0215176e+00   2.5990940e+00   2.3103058e+00   1.1551529e+00   1.4439411e+00
   3.1766704e+00   2.0215176e+00   1.1551529e+00   3.1766704e+00   2.5990940e+00   1.4439411e+00   1.4439411e+00   3.1766704e+00   2.3103058e+00   1.7327293e+00   2.3103058e+00   2.8878822e+00   3.1766704e+00   4.0430351e+00   6.6421291e+00
   6.3533409e+00   5.4869762e+00   4.3318233e+00   2.5990940e+00   2.5990940e+00   1.7327293e+00   1.1551529e+00   2.5990940e+00   4.0430351e+00   5.1981880e+00   6.9309173e+00   8.3748584e+00   1.0973952e+01   1.3861835e+01   1.6172140e+01
   1.1262741e+01   1.0685164e+01   8.9524349e+00   6.9309173e+00   5.4869762e+00   5.4869762e+00   6.9309173e+00   9.5300113e+00   1.1262741e+01   1.4439411e+01   1.7038505e+01   2.0503964e+01   2.3391846e+01   2.4546999e+01   2.3680634e+01
   1.6172140e+01   1.7327293e+01   1.9637599e+01   2.0503964e+01   2.1370328e+01   2.1081540e+01   2.1947905e+01   2.2525481e+01   2.5124575e+01   2.8590034e+01   3.0033975e+01   3.0322763e+01   3.1766704e+01   3.1477916e+01   3.2055493e+01
   3.1477916e+01   3.2921857e+01   3.3210646e+01   3.3499434e+01   3.4943375e+01   3.6964892e+01   3.7831257e+01   3.8120045e+01   3.8120045e+01   3.7542469e+01   3.6387316e+01   3.4654587e+01   3.4077010e+01   3.3210646e+01   3.2921857e+01
   3.4943375e+01   3.6098528e+01   3.7542469e+01   3.6387316e+01   3.4654587e+01   3.2921857e+01   3.1477916e+01   3.0033975e+01   2.8878822e+01   2.9167610e+01   2.7723669e+01   2.6568516e+01   2.3969422e+01   2.2814270e+01   2.2814270e+01
   3.1189128e+01   2.8012458e+01   2.5413364e+01   2.2814270e+01   2.0503964e+01   1.8193658e+01   1.7327293e+01   1.5594564e+01   1.2129105e+01   8.6636467e+00   6.3533409e+00   4.9093998e+00   4.0430351e+00   3.7542469e+00   3.7542469e+00
   1.9060023e+01   1.5305776e+01   1.2706682e+01   1.0685164e+01   8.0860702e+00   6.3533409e+00   4.9093998e+00   2.8878822e+00   2.8878822e+00   2.3103058e+00   2.3103058e+00   2.8878822e+00   2.3103058e+00   2.5990940e+00   2.3103058e+00
   8.0860702e+00   6.9309173e+00   5.7757644e+00   3.4654587e+00   1.7327293e+00   2.0215176e+00   1.4439411e+00   1.7327293e+00   1.4439411e+00   1.4439411e+00   8.6636467e-01   1.1551529e+00   1.7327293e+00   2.0215176e+00   2.8878822e+00
   1.7327293e+00   1.4439411e+00   1.4439411e+00   1.4439411e+00   1.7327293e+00   1.4439411e+00   5.7757644e-01   8.6636467e-01   1.1551529e+00   8.6636467e-01   5.7757644e-01   2.8878822e-01   2.8878822e-01   5.7757644e-01   1.4439411e+00
   1.1551529e+00   1.4439411e+00   1.4439411e+00   1.4439411e+00   1.4439411e+00   8.6636467e-01   2.8878822e-01   1.1551529e+00   8.6636467e-01   8.6636467e-01   8.6636467e-01   2.8878822e-01   2.8878822e-01   2.8878822e-01   5.7757644e-01
   1.1551529e+00   1.4439411e+00   1.7327293e+00   1.7327293e+00   1.1551529e+00   5.7757644e-01   8.6636467e-01   8.6636467e-01   1.4439411e+00   1.1551529e+00   1.1551529e+00   1.4439411e+00   8.6636467e-01   8.6636467e-01   8.6636467e-01
