   1.7995054e+02   1.9193322e+02   2.0202391e+02   2.0917148e+02   2.1821105e+02   2.2367683e+02   2.2514839e+02   2.1968261e+02   2.1547815e+02   2.1211459e+02   2.0706925e+02   2.0139324e+02   1.9403545e+02   1.8142209e+02   1.7028030e+02
   1.9845012e+02   2.0580791e+02   2.1358615e+02   2.2325639e+02   2.3019373e+02   2.3755153e+02   2.4322754e+02   2.4932399e+02   2.5247733e+02   2.4743199e+02   2.3734130e+02   2.2367683e+02   2.1190437e+02   2.0286480e+02   1.9508656e+02
   2.0959192e+02   2.1779060e+02   2.2640973e+02   2.3334707e+02   2.4070486e+02   2.4806265e+02   2.5226711e+02   2.5373866e+02   2.5436933e+02   2.5436933e+02   2.5289777e+02   2.4848310e+02   2.4028442e+02   2.2935284e+02   2.1694971e+02
   2.2178483e+02   2.2872218e+02   2.3671063e+02   2.4427865e+02   2.4953421e+02   2.5205688e+02   2.5331822e+02   2.5415911e+02   2.5415911e+02   2.5394889e+02   2.5373866e+02   2.5310800e+02   2.5016488e+02   2.4553998e+02   2.4070486e+02
   2.3229596e+02   2.4028442e+02   2.4469909e+02   2.4827288e+02   2.5037510e+02   2.5100577e+02   2.5247733e+02   2.5331822e+02   2.5289777e+02   2.5289777e+02   2.5289777e+02   2.5268755e+02   2.5163644e+02   2.4974444e+02   2.4532976e+02
   2.3734130e+02   2.4175598e+02   2.4406843e+02   2.4532976e+02   2.4596043e+02   2.4659110e+02   2.4764221e+02   2.4890354e+02   2.4911377e+02   2.4911377e+02   2.4932399e+02   2.4890354e+02   2.4806265e+02   2.4701154e+02   2.4427865e+02
   2.3881286e+02   2.4154575e+02   2.4280709e+02   2.4322754e+02   2.4385820e+02   2.4469909e+02   2.4532976e+02   2.4511954e+02   2.4596043e+02   2.4575021e+02   2.4575021e+02   2.4575021e+02   2.4511954e+02   2.4427865e+02   2.4301731e+02
   2.3881286e+02   2.3965375e+02   2.4028442e+02   2.4091509e+02   2.4133553e+02   2.4154575e+02   2.4259687e+02   2.4259687e+02   2.4322754e+02   2.4364798e+02   2.4322754e+02   2.4259687e+02   2.4280709e+02   2.4196620e+02   2.4112531e+02
   2.3650041e+02   2.3755153e+02   2.3797197e+02   2.3902308e+02   2.3923331e+02   2.3944353e+02   2.3944353e+02   2.3986397e+02   2.4007420e+02   2.4049464e+02   2.4070486e+02   2.4049464e+02   2.4007420e+02   2.3986397e+02   2.3881286e+02
   2.3376752e+02   2.3481863e+02   2.3607997e+02   2.3607997e+02   2.3692086e+02   2.3671063e+02   2.3671063e+02   2.3713108e+02   2.3776175e+02   2.3776175e+02   2.3839242e+02   2.3839242e+02   2.3755153e+02   2.3692086e+02   2.3586974e+02
   2.2893240e+02   2.3271641e+02   2.3376752e+02   2.3418796e+02   2.3502885e+02   2.3460841e+02   2.3523908e+02   2.3544930e+02   2.3586974e+02   2.3629019e+02   2.3629019e+02   2.3607997e+02   2.3439819e+02   2.3229596e+02   2.3019373e+02
   2.1800082e+02   2.2598928e+02   2.2914262e+02   2.3061418e+02   2.3187552e+02   2.3271641e+02   2.3229596e+02   2.3313685e+02   2.3271641e+02   2.3271641e+02   2.3019373e+02   2.2872218e+02   2.2640973e+02   2.2262572e+02   2.1863149e+02
   1.8962077e+02   1.9971146e+02   2.1085326e+02   2.1800082e+02   2.2199505e+02   2.2325639e+02   2.2367683e+02   2.2199505e+02   2.2073372e+02   2.1905194e+02   2.1800082e+02   2.1505771e+02   2.1022259e+02   2.0580791e+02   2.0244435e+02
   1.5850783e+02   1.6754740e+02   1.7196208e+02   1.7595631e+02   1.8184254e+02   1.8877988e+02   1.9088211e+02   1.9214345e+02   1.9214345e+02   1.9193322e+02   1.9214345e+02   1.9067189e+02   1.8835944e+02   1.8478566e+02   1.7679720e+02
   1.1730420e+02   1.2276999e+02   1.3096867e+02   1.3895713e+02   1.4232069e+02   1.4400247e+02   1.4673537e+02   1.4925804e+02   1.5346249e+02   1.5661583e+02   1.5682605e+02   1.5682605e+02   1.5409316e+02   1.5199093e+02   1.4820692e+02
