   2.0521036e+02   2.1456311e+02   2.2364078e+02   2.3106796e+02   2.3959547e+02   2.4372168e+02   2.4399676e+02   2.4427184e+02   2.4317152e+02   2.4234628e+02   2.4014563e+02   2.3079288e+02   2.0961165e+02   1.6779935e+02   1.0948220e+02
   2.1098706e+02   2.2033981e+02   2.2941748e+02   2.3877023e+02   2.4454693e+02   2.4619741e+02   2.4674757e+02   2.4619741e+02   2.4509709e+02   2.4399676e+02   2.4179612e+02   2.3684466e+02   2.1978964e+02   1.8788026e+02   1.2571197e+02
   2.1786408e+02   2.2776699e+02   2.3629450e+02   2.4537217e+02   2.4784790e+02   2.4812298e+02   2.4784790e+02   2.4729773e+02   2.4619741e+02   2.4564725e+02   2.4399676e+02   2.4069579e+02   2.2996764e+02   1.9448220e+02   1.5266990e+02
   2.2611650e+02   2.3491909e+02   2.4372168e+02   2.4894822e+02   2.4977346e+02   2.4977346e+02   2.4894822e+02   2.4812298e+02   2.4757282e+02   2.4674757e+02   2.4482201e+02   2.4207120e+02   2.3464401e+02   2.0328479e+02   1.6477346e+02
   2.3519417e+02   2.4262136e+02   2.4977346e+02   2.5114887e+02   2.5114887e+02   2.5032362e+02   2.4977346e+02   2.4922330e+02   2.4812298e+02   2.4702265e+02   2.4537217e+02   2.4317152e+02   2.3656958e+02   2.1208738e+02   1.7110032e+02
   2.4097087e+02   2.4867314e+02   2.5224919e+02   2.5224919e+02   2.5197411e+02   2.5114887e+02   2.5059871e+02   2.4949838e+02   2.4867314e+02   2.4729773e+02   2.4564725e+02   2.4372168e+02   2.3684466e+02   2.2006472e+02   1.7577670e+02
   2.4619741e+02   2.5279935e+02   2.5417476e+02   2.5362460e+02   2.5279935e+02   2.5224919e+02   2.5142395e+02   2.5032362e+02   2.4894822e+02   2.4784790e+02   2.4674757e+02   2.4482201e+02   2.3822006e+02   2.2419094e+02   1.8127832e+02
   2.4812298e+02   2.5472492e+02   2.5444984e+02   2.5389968e+02   2.5307443e+02   2.5197411e+02   2.5169903e+02   2.5169903e+02   2.5059871e+02   2.4839806e+02   2.4592233e+02   2.4454693e+02   2.3932039e+02   2.2474110e+02   1.8457929e+02
   2.4674757e+02   2.5472492e+02   2.5472492e+02   2.5444984e+02   2.5389968e+02   2.5307443e+02   2.5197411e+02   2.5114887e+02   2.5032362e+02   2.4867314e+02   2.4674757e+02   2.4372168e+02   2.3904531e+02   2.2281553e+02   1.8898058e+02
   2.4262136e+02   2.5389968e+02   2.5500000e+02   2.5472492e+02   2.5417476e+02   2.5334951e+02   2.5252427e+02   2.5114887e+02   2.4922330e+02   2.4812298e+02   2.4592233e+02   2.4344660e+02   2.3822006e+02   2.2144013e+02   1.9035599e+02
   2.3409385e+02   2.5004854e+02   2.5500000e+02   2.5500000e+02   2.5417476e+02   2.5334951e+02   2.5224919e+02   2.5059871e+02   2.4922330e+02   2.4784790e+02   2.4592233e+02   2.4344660e+02   2.3574434e+02   2.1813916e+02   1.9228155e+02
   2.2309061e+02   2.4537217e+02   2.5279935e+02   2.5472492e+02   2.5389968e+02   2.5334951e+02   2.5197411e+02   2.5032362e+02   2.4922330e+02   2.4784790e+02   2.4537217e+02   2.4234628e+02   2.3409385e+02   2.1538835e+02   1.9255663e+02
   2.0933657e+02   2.3739482e+02   2.4894822e+02   2.5362460e+02   2.5334951e+02   2.5307443e+02   2.5169903e+02   2.5004854e+02   2.4867314e+02   2.4729773e+02   2.4482201e+02   2.4097087e+02   2.2996764e+02   2.1291262e+02   1.9118123e+02
   1.9558252e+02   2.2611650e+02   2.4399676e+02   2.5087379e+02   2.5224919e+02   2.5169903e+02   2.5059871e+02   2.4977346e+02   2.4839806e+02   2.4592233e+02   2.4399676e+02   2.3959547e+02   2.2556634e+02   2.1181230e+02   1.9145631e+02
   1.7825243e+02   2.1428803e+02   2.3381877e+02   2.4592233e+02   2.5087379e+02   2.4949838e+02   2.4949838e+02   2.4812298e+02   2.4647249e+02   2.4427184e+02   2.4234628e+02   2.3491909e+02   2.2199029e+02   2.0988673e+02   1.9035599e+02
