   1.6457680e+00   1.8338558e+00   1.7868339e+00   1.7868339e+00   1.7868339e+00   1.9278997e+00   1.8808777e+00   2.2570533e+00   3.3855799e+00   4.5611285e+00   7.8996865e+00   1.3025078e+01   2.0313480e+01   2.8025078e+01   3.5407524e+01
   1.6927900e+00   2.0689655e+00   2.1630094e+00   1.9278997e+00   2.0689655e+00   2.2570533e+00   2.3981191e+00   3.1504702e+00   4.2789969e+00   7.8526646e+00   1.2413793e+01   2.1300940e+01   3.1833856e+01   4.1614420e+01   4.6222571e+01
   1.9278997e+00   2.1630094e+00   2.3040752e+00   2.0689655e+00   2.3510972e+00   2.5862069e+00   2.6802508e+00   4.0909091e+00   8.1347962e+00   1.3119122e+01   2.3793103e+01   3.7758621e+01   4.9843260e+01   5.5250784e+01   5.7789969e+01
   2.6802508e+00   2.6802508e+00   2.6332288e+00   2.4451411e+00   2.8213166e+00   2.7742947e+00   4.3260188e+00   8.8871473e+00   1.6316614e+01   2.9341693e+01   4.6081505e+01   6.0329154e+01   6.7993730e+01   6.9357367e+01   6.6912226e+01
   3.3855799e+00   3.3855799e+00   3.1974922e+00   3.2915361e+00   3.7147335e+00   4.6551724e+00   1.1332288e+01   2.2335423e+01   3.7382445e+01   5.6567398e+01   7.4388715e+01   8.1724138e+01   8.0501567e+01   7.3824451e+01   6.6583072e+01
   4.5611285e+00   4.5611285e+00   4.6551724e+00   5.4545455e+00   8.0877743e+00   1.6880878e+01   3.2445141e+01   4.8338558e+01   6.8793103e+01   9.1739812e+01   9.6818182e+01   9.0047022e+01   7.8103448e+01   6.5783699e+01   5.3087774e+01
   7.3824451e+00   8.2288401e+00   1.1050157e+01   1.7021944e+01   2.9200627e+01   4.5893417e+01   5.9952978e+01   8.5109718e+01   1.1322884e+02   1.0970219e+02   9.4184953e+01   7.5752351e+01   5.9905956e+01   4.5517241e+01   3.4090909e+01
   1.5611285e+01   2.0454545e+01   2.8307210e+01   4.2131661e+01   5.8495298e+01   7.8667712e+01   1.0673981e+02   1.3485893e+02   1.1134796e+02   8.7554859e+01   6.6394984e+01   4.9326019e+01   3.3949843e+01   2.3652038e+01   1.6786834e+01
   3.1316614e+01   4.2884013e+01   5.7554859e+01   7.3119122e+01   9.5642633e+01   1.2065831e+02   1.3025078e+02   9.5313480e+01   6.9075235e+01   4.8197492e+01   3.5360502e+01   2.2523511e+01   1.4952978e+01   9.9686520e+00   7.4294671e+00
   5.4733542e+01   6.6771160e+01   8.2758621e+01   1.0010972e+02   1.1318182e+02   1.0782132e+02   7.6175549e+01   5.2852665e+01   3.4890282e+01   2.8354232e+01   1.4247649e+01   8.0407524e+00   5.3134796e+00   3.9968652e+00   3.1974922e+00
   7.2366771e+01   8.4028213e+01   9.3808777e+01   9.7241379e+01   8.7319749e+01   6.2633229e+01   4.2178683e+01   2.8871473e+01   1.9890282e+01   6.8652038e+00   4.6081505e+00   3.5266458e+00   2.7742947e+00   1.9749216e+00   1.8808777e+00
   7.9561129e+01   8.4263323e+01   8.1771160e+01   7.0297806e+01   5.1959248e+01   3.5924765e+01   2.2852665e+01   1.3448276e+01   5.1253918e+00   3.4796238e+00   2.9623824e+00   2.3981191e+00   1.9278997e+00   1.4576803e+00   1.0344828e+00
   7.3965517e+01   6.8040752e+01   5.7413793e+01   4.3918495e+01   3.1034483e+01   1.9749216e+01   1.0909091e+01   5.1724138e+00   3.3855799e+00   2.7272727e+00   2.2570533e+00   2.0219436e+00   1.3636364e+00   9.4043887e-01   8.4639498e-01
   5.6426332e+01   4.7868339e+01   3.8087774e+01   2.8636364e+01   1.8714734e+01   1.0673981e+01   5.5485893e+00   3.6206897e+00   2.7272727e+00   2.1630094e+00   1.7868339e+00   1.3166144e+00   1.0344828e+00   9.4043887e-01   7.9937304e-01
   4.0721003e+01   3.3996865e+01   2.6849530e+01   1.8667712e+01   1.1191223e+01   6.1598746e+00   3.9028213e+00   2.5862069e+00   2.2100313e+00   1.5517241e+00   1.0815047e+00   8.9341693e-01   9.4043887e-01   8.9341693e-01   7.9937304e-01
