   3.4440463e+00   4.3577729e+00   5.7986494e+00   7.6612459e+00   9.9807056e+00   1.0824146e+01   1.0578142e+01   1.0507856e+01   7.9423925e+00   6.4312293e+00   4.9903528e+00   4.0414829e+00   3.5143330e+00   3.3034730e+00   2.9168964e+00
   2.3546031e+00   2.9168964e+00   4.3577729e+00   6.0446527e+00   8.3992558e+00   9.4886990e+00   1.0226709e+01   9.7347023e+00   6.9935226e+00   5.9392227e+00   4.7794928e+00   3.4440463e+00   3.0574697e+00   2.9871830e+00   2.8817530e+00
   1.7220232e+00   1.6517365e+00   2.6006064e+00   3.8306229e+00   6.7123760e+00   7.8018192e+00   9.1372657e+00   8.8912624e+00   6.4312293e+00   5.1660695e+00   4.2874862e+00   3.0223264e+00   2.3897464e+00   2.4248897e+00   2.9520397e+00
   1.6165932e+00   1.4760198e+00   1.5814498e+00   2.3546031e+00   4.7092062e+00   6.2906560e+00   7.3098126e+00   7.4855292e+00   5.7283627e+00   4.6740628e+00   3.9711963e+00   2.9168964e+00   2.2491731e+00   2.2843164e+00   2.5654631e+00
   1.3354465e+00   1.1245865e+00   1.4760198e+00   1.8274531e+00   2.8114664e+00   4.5334895e+00   6.1500827e+00   6.0446527e+00   5.0254961e+00   3.9711963e+00   3.6900496e+00   2.9871830e+00   2.3194598e+00   2.3194598e+00   2.6006064e+00
   1.4057332e+00   9.4886990e-01   1.2300165e+00   1.5463065e+00   2.1788864e+00   3.1980430e+00   4.6037762e+00   5.2363561e+00   4.2523429e+00   3.7251929e+00   3.7251929e+00   3.2331863e+00   2.6006064e+00   2.6006064e+00   2.6357497e+00
   1.4057332e+00   1.1245865e+00   1.1245865e+00   1.2300165e+00   1.4057332e+00   2.2843164e+00   4.0766262e+00   4.9552095e+00   4.0063396e+00   3.5143330e+00   3.4089030e+00   3.0926130e+00   2.8466097e+00   2.9168964e+00   2.6708931e+00
   1.1245865e+00   1.1245865e+00   1.3354465e+00   1.2300165e+00   1.1245865e+00   2.1085998e+00   3.5143330e+00   5.0254961e+00   4.3577729e+00   3.7603363e+00   3.1277563e+00   2.9168964e+00   3.1277563e+00   2.7411797e+00   2.7763230e+00
   1.1245865e+00   1.0894432e+00   1.4760198e+00   1.4057332e+00   1.2300165e+00   2.3546031e+00   4.2171996e+00   5.3066428e+00   4.7092062e+00   4.1820562e+00   3.2331863e+00   2.9871830e+00   2.9520397e+00   2.7411797e+00   2.5303197e+00
   1.1245865e+00   1.3003032e+00   1.3705899e+00   1.5463065e+00   1.7220232e+00   3.0574697e+00   5.1309261e+00   6.7475193e+00   5.9040794e+00   4.9552095e+00   3.7603363e+00   2.9168964e+00   2.8817530e+00   2.6006064e+00   2.4248897e+00
   1.0542999e+00   1.4760198e+00   1.3003032e+00   1.6517365e+00   2.1085998e+00   4.2523429e+00   6.9232359e+00   8.1883958e+00   7.7315325e+00   6.1852260e+00   4.1820562e+00   3.0223264e+00   2.6357497e+00   2.7411797e+00   2.6708931e+00
   9.8401323e-01   1.5111632e+00   1.4057332e+00   1.6868798e+00   2.4951764e+00   5.0254961e+00   8.5749724e+00   9.8752756e+00   8.7506891e+00   7.4503859e+00   5.0606395e+00   3.4791896e+00   3.0223264e+00   2.7411797e+00   2.9168964e+00
   1.2651599e+00   1.5111632e+00   1.5463065e+00   1.8977398e+00   3.2331863e+00   5.6580761e+00   9.3129824e+00   1.0753859e+01   9.6995590e+00   8.3641125e+00   5.9743660e+00   4.2171996e+00   3.6900496e+00   2.8817530e+00   2.9871830e+00
   1.4408765e+00   1.5111632e+00   1.7220232e+00   2.0383131e+00   3.6549063e+00   6.2906560e+00   9.6995590e+00   1.0226709e+01   9.9104190e+00   9.3832690e+00   7.4503859e+00   5.5175028e+00   4.4632029e+00   3.1628997e+00   3.0926130e+00
   1.8274531e+00   1.5463065e+00   1.6517365e+00   2.1085998e+00   4.2874862e+00   7.2395259e+00   9.3832690e+00   1.0578142e+01   9.7698456e+00   9.1021224e+00   7.7315325e+00   6.7475193e+00   5.1660695e+00   3.5846196e+00   3.3737596e+00
