   2.6886326e+01   2.9126853e+01   3.0667216e+01   3.2557661e+01   3.6898682e+01   4.2990115e+01   4.9151565e+01   6.2524712e+01   7.8348435e+01   9.2771829e+01   1.0712521e+02   1.1524712e+02   1.1811779e+02   1.1664745e+02   1.1146623e+02
   2.7796540e+01   3.0317133e+01   3.2627677e+01   3.5638386e+01   4.0609555e+01   4.6911038e+01   5.9163921e+01   7.5477759e+01   9.2421746e+01   1.1027595e+02   1.2301895e+02   1.2904036e+02   1.2925041e+02   1.2336903e+02   1.1440692e+02
   3.1017298e+01   3.2837727e+01   3.5288303e+01   3.8929160e+01   4.4670511e+01   5.3842669e+01   6.8686161e+01   8.8500824e+01   1.0943575e+02   1.2700988e+02   1.3800247e+02   1.4031301e+02   1.3310132e+02   1.2497941e+02   1.0817545e+02
   3.2767710e+01   3.5078254e+01   3.7388797e+01   4.2990115e+01   5.0691928e+01   6.1264415e+01   8.3319605e+01   1.0733526e+02   1.2869028e+02   1.4297364e+02   1.5053542e+02   1.4262356e+02   1.3380148e+02   1.1769769e+02   1.0250412e+02
   3.4168040e+01   3.6198517e+01   4.1379736e+01   5.0551895e+01   5.7903624e+01   7.7718287e+01   1.0222405e+02   1.3044069e+02   1.4843493e+02   1.5795717e+02   1.5354613e+02   1.4290362e+02   1.2595964e+02   1.0747529e+02   9.3191928e+01
   3.6688633e+01   4.2429984e+01   5.1112026e+01   5.8253707e+01   7.4287479e+01   9.7953048e+01   1.2953048e+02   1.4969522e+02   1.6404860e+02   1.6495881e+02   1.5403624e+02   1.3086079e+02   1.1104613e+02   9.4242175e+01   8.3739703e+01
   4.4530478e+01   5.2722405e+01   6.1404448e+01   7.5827842e+01   9.3752059e+01   1.2329901e+02   1.4521417e+02   1.6488880e+02   1.7910214e+02   1.6033773e+02   1.3793245e+02   1.1251647e+02   9.3471993e+01   7.9748764e+01   7.0156507e+01
   5.5453048e+01   6.6165568e+01   7.7858320e+01   9.3612026e+01   1.2021829e+02   1.3912273e+02   1.6159802e+02   1.9219522e+02   1.6390857e+02   1.4451400e+02   1.1615733e+02   9.0741351e+01   7.5897858e+01   6.5675453e+01   5.7203460e+01
   6.8546129e+01   8.1149094e+01   9.5502471e+01   1.1454695e+02   1.3604201e+02   1.5452636e+02   1.7658155e+02   1.6684926e+02   1.4493410e+02   1.2189868e+02   8.8710873e+01   7.3447282e+01   6.1754530e+01   5.3352554e+01   4.8381384e+01
   8.1149094e+01   9.5642504e+01   1.1111614e+02   1.3030066e+02   1.4647446e+02   1.6159802e+02   1.6306837e+02   1.4360379e+02   1.2280890e+02   8.7380560e+01   7.3377265e+01   5.9233937e+01   5.0411862e+01   4.5370675e+01   4.2079901e+01
   9.3962109e+01   1.0810544e+02   1.2315898e+02   1.3891269e+02   1.5102554e+02   1.5515651e+02   1.4339374e+02   1.2210873e+02   9.3612026e+01   7.5127677e+01   5.8533773e+01   4.8241351e+01   4.3970346e+01   4.1239703e+01   3.8579077e+01
   1.0334432e+02   1.1671746e+02   1.3107084e+02   1.4227348e+02   1.4808484e+02   1.3933278e+02   1.2217875e+02   9.9493410e+01   7.9538715e+01   6.2454695e+01   4.9291598e+01   4.2850082e+01   3.9909390e+01   3.8299012e+01   3.7038715e+01
   1.0887562e+02   1.2392916e+02   1.3303130e+02   1.3940280e+02   1.3590198e+02   1.2399918e+02   1.0467463e+02   8.3949753e+01   6.6655684e+01   5.3282537e+01   4.3760297e+01   3.8649094e+01   3.8228995e+01   3.7038715e+01   3.5568369e+01
   1.1475700e+02   1.2294893e+02   1.2813015e+02   1.2925041e+02   1.2273888e+02   1.0824547e+02   8.6960461e+01   7.0786656e+01   5.7413509e+01   4.6911038e+01   4.0119440e+01   3.7668863e+01   3.6688633e+01   3.4658155e+01   3.3257825e+01
   1.1251647e+02   1.1720758e+02   1.1986820e+02   1.1706755e+02   1.0684514e+02   8.9481054e+01   7.4637562e+01   6.1684514e+01   5.0341845e+01   4.1869852e+01   3.8439044e+01   3.7248764e+01   3.5988468e+01   3.4728171e+01   3.2487644e+01
