   6.2091006e+00   6.5195556e+00   6.8300107e+00   7.2180794e+00   6.3643281e+00   5.8210318e+00   5.8986456e+00   5.0837011e+00   5.5105768e+00   5.3553493e+00   4.7732461e+00   5.2777355e+00   4.8120530e+00   4.7732461e+00   3.8806879e+00
   5.8598387e+00   6.6747831e+00   8.3822858e+00   9.2748440e+00   8.5375133e+00   8.3822858e+00   7.7613757e+00   7.1792726e+00   6.9076244e+00   6.5583625e+00   6.4419419e+00   6.9076244e+00   5.8986456e+00   5.6269974e+00   5.0837011e+00
   6.2091006e+00   8.2658652e+00   1.0167402e+01   1.2262974e+01   1.2340587e+01   1.1719677e+01   1.0516664e+01   9.5464922e+00   8.4598996e+00   8.4598996e+00   7.5285345e+00   8.1494445e+00   8.0330239e+00   7.0240450e+00   6.3643281e+00
   6.7912038e+00   9.2360371e+00   1.1137574e+01   1.3388373e+01   1.6027241e+01   1.5949627e+01   1.5755593e+01   1.3660021e+01   1.0671892e+01   9.4688784e+00   8.8867752e+00   8.6927408e+00   8.6151271e+00   8.3046720e+00   7.9942170e+00
   6.9852382e+00   9.4300715e+00   1.2030132e+01   1.5600365e+01   1.9713894e+01   2.3167707e+01   2.4137879e+01   2.1110942e+01   1.5639172e+01   1.1486836e+01   1.0206209e+01   9.7405266e+00   9.5464922e+00   9.1196165e+00   9.1196165e+00
   7.6449551e+00   9.8181403e+00   1.3582408e+01   1.7734744e+01   2.3982651e+01   3.3761984e+01   4.3192056e+01   3.9272561e+01   2.6737939e+01   1.7075027e+01   1.2689849e+01   1.1913712e+01   1.1642064e+01   1.1137574e+01   1.0633085e+01
   8.1882514e+00   9.9733678e+00   1.4164511e+01   1.9597474e+01   2.9415614e+01   4.9284736e+01   7.7768985e+01   7.4858469e+01   4.6413027e+01   2.5224471e+01   1.6725765e+01   1.4358545e+01   1.2495815e+01   1.2185360e+01   1.0904733e+01
   8.3046720e+00   1.0555471e+01   1.2961497e+01   1.9752701e+01   3.3917212e+01   6.0305890e+01   1.0279942e+02   1.0268300e+02   6.1741744e+01   3.2481357e+01   2.0101963e+01   1.6104855e+01   1.4552580e+01   1.3233146e+01   1.2068939e+01
   8.2658652e+00   8.7315477e+00   1.1603257e+01   1.8278040e+01   3.0967889e+01   5.2234059e+01   8.2891493e+01   8.7587125e+01   6.3294019e+01   3.8302389e+01   2.4331913e+01   1.8200426e+01   1.5328717e+01   1.4319738e+01   1.2961497e+01
   7.7613757e+00   7.7613757e+00   9.7017197e+00   1.4669000e+01   2.3090093e+01   3.4421701e+01   4.6490641e+01   5.0565363e+01   4.7189165e+01   3.7836707e+01   2.8911125e+01   2.1110942e+01   1.6648151e+01   1.4746614e+01   1.3233146e+01
   7.0628519e+00   7.1404657e+00   8.9255821e+00   1.1448029e+01   1.6221275e+01   2.1149749e+01   2.6427484e+01   2.9493228e+01   3.1976868e+01   3.1899254e+01   2.7552884e+01   2.2391569e+01   1.7812357e+01   1.5561558e+01   1.3000304e+01
   6.0150662e+00   6.5583625e+00   8.3822858e+00   9.6629128e+00   1.1642064e+01   1.4979455e+01   1.7385482e+01   1.9791508e+01   2.4060265e+01   2.5728961e+01   2.3749810e+01   2.1149749e+01   1.7230254e+01   1.4280931e+01   1.3660021e+01
   5.5105768e+00   6.5583625e+00   7.9942170e+00   9.3524578e+00   1.1098767e+01   1.2767463e+01   1.4164511e+01   1.4979455e+01   1.8006392e+01   2.0140770e+01   2.0218384e+01   1.9364632e+01   1.6221275e+01   1.4203318e+01   1.2573429e+01
   4.7732461e+00   6.1702937e+00   7.9554101e+00   8.8091615e+00   9.3524578e+00   1.0245016e+01   1.2418201e+01   1.3543601e+01   1.5251103e+01   1.6880992e+01   1.8394461e+01   1.7967585e+01   1.6454117e+01   1.4203318e+01   1.2107746e+01
   5.0448942e+00   6.1314868e+00   6.9464313e+00   8.0718308e+00   8.4598996e+00   8.9255821e+00   1.0477857e+01   1.2068939e+01   1.3310759e+01   1.5212296e+01   1.6842185e+01   1.6609344e+01   1.5600365e+01   1.4707807e+01   1.2224167e+01
