   1.0477425e+02   1.0851949e+02   1.0949048e+02   1.0662375e+02   1.0084406e+02   9.2891206e+01   8.3458749e+01   7.3009066e+01   6.3021759e+01   5.5392566e+01   5.1416138e+01   4.7809610e+01   4.3925657e+01   4.2353581e+01   4.1567543e+01
   1.0935177e+02   1.1744334e+02   1.2128105e+02   1.2146600e+02   1.2100363e+02   1.1416047e+02   1.0468178e+02   9.0718042e+01   7.5505893e+01   6.3992747e+01   5.7057117e+01   5.1832276e+01   4.7717135e+01   4.5451496e+01   4.4249320e+01
   1.1170988e+02   1.2211333e+02   1.3085222e+02   1.3653944e+02   1.4051587e+02   1.4037715e+02   1.3473617e+02   1.1785947e+02   9.6913871e+01   7.8187670e+01   6.5749773e+01   5.7380780e+01   5.2803264e+01   4.9474161e+01   4.6561197e+01
   1.1184859e+02   1.2433273e+02   1.3764914e+02   1.4953218e+02   1.5928830e+02   1.6705621e+02   1.6617770e+02   1.5392475e+02   1.2807797e+02   9.9641886e+01   7.8788758e+01   6.4408885e+01   5.7704442e+01   5.2710789e+01   4.8318223e+01
   1.0514415e+02   1.2382412e+02   1.4199547e+02   1.5942702e+02   1.7524025e+02   1.8823300e+02   1.9392022e+02   1.8938894e+02   1.7144878e+02   1.3501360e+02   9.9133273e+01   7.7679057e+01   6.5703536e+01   5.7704442e+01   5.1647325e+01
   9.6682684e+01   1.1753581e+02   1.4093200e+02   1.6594651e+02   1.8721578e+02   2.0473980e+02   2.1320127e+02   2.1449592e+02   2.0473980e+02   1.7676609e+02   1.3057480e+02   9.6913871e+01   7.5135993e+01   6.3067996e+01   5.5993654e+01
   8.4475975e+01   1.0505168e+02   1.3501360e+02   1.6548413e+02   1.9072983e+02   2.1343246e+02   2.2707253e+02   2.2919946e+02   2.2392838e+02   2.0473980e+02   1.6395830e+02   1.2146600e+02   9.1457842e+01   7.3009066e+01   6.1449683e+01
   7.2176791e+01   8.9654578e+01   1.1651859e+02   1.5656029e+02   1.8837171e+02   2.1421850e+02   2.3169628e+02   2.3659746e+02   2.2869084e+02   2.1370988e+02   1.8647597e+02   1.4953218e+02   1.1295830e+02   8.5400725e+01   7.0142339e+01
   6.3669084e+01   7.4026292e+01   9.4601995e+01   1.2997371e+02   1.7708976e+02   2.0857752e+02   2.2674887e+02   2.3067906e+02   2.2693382e+02   2.1361741e+02   1.9331913e+02   1.6659383e+02   1.3404261e+02   1.0301723e+02   8.0222121e+01
   5.8536718e+01   6.5842248e+01   7.7540345e+01   1.0310970e+02   1.4014597e+02   1.9318042e+02   2.0890118e+02   2.1676156e+02   2.1560562e+02   2.0843880e+02   1.9271804e+02   1.7223481e+02   1.4772892e+02   1.1994016e+02   9.4139619e+01
   5.4699003e+01   5.9507706e+01   6.7460562e+01   8.1378060e+01   1.0597643e+02   1.4204170e+02   1.8495014e+02   1.9817407e+02   2.0219674e+02   1.9771170e+02   1.8703083e+02   1.7186491e+02   1.5300000e+02   1.3168450e+02   1.0814959e+02
   5.1554850e+01   5.6132366e+01   6.1218495e+01   6.8708976e+01   8.4383500e+01   1.0731732e+02   1.3991478e+02   1.7052403e+02   1.8125113e+02   1.8212965e+02   1.7611877e+02   1.6636265e+02   1.5068812e+02   1.3529102e+02   1.1767452e+02
   4.9659112e+01   5.2988214e+01   5.7103354e+01   6.2050771e+01   7.0743427e+01   8.4799637e+01   1.0611514e+02   1.3062103e+02   1.5267634e+02   1.6086038e+02   1.6164642e+02   1.5669900e+02   1.4851496e+02   1.3570716e+02   1.2229828e+02
   4.8364461e+01   5.1000000e+01   5.4097915e+01   5.7658205e+01   6.3946510e+01   7.2546691e+01   8.3782412e+01   1.0320218e+02   1.2031006e+02   1.3690934e+02   1.4296646e+02   1.4268903e+02   1.3963735e+02   1.3251677e+02   1.2252947e+02
   4.6330009e+01   4.8641886e+01   5.1323663e+01   5.5485041e+01   6.0062557e+01   6.5611061e+01   7.1159565e+01   8.1794198e+01   9.7699909e+01   1.1342067e+02   1.2484134e+02   1.2974252e+02   1.2969628e+02   1.2650589e+02   1.1957026e+02
