   1.1066336e+00   2.7541032e+00   8.1208601e+00   1.8222012e+01   3.3889614e+01   5.1837048e+01   7.2588508e+01   7.6149705e+01   3.8665612e+01   1.8172089e+01   6.3402617e+00   2.1799850e+00   9.0694032e-01   4.9091265e-01   4.4098933e-01
   6.7396483e-01   1.3229680e+00   4.9590498e+00   1.3537540e+01   2.9995595e+01   5.2311319e+01   7.8421216e+01   8.4362091e+01   3.9198127e+01   1.6258361e+01   4.9257676e+00   1.5476229e+00   5.4915652e-01   3.6610435e-01   3.8274546e-01
   4.3266878e-01   7.0724704e-01   2.6376154e+00   9.1110060e+00   2.4712044e+01   5.0863543e+01   8.4037589e+01   9.4105459e+01   3.8915228e+01   1.4111659e+01   3.8524162e+00   1.1815186e+00   3.9938656e-01   3.4946324e-01   4.3266878e-01
   3.1618103e-01   4.1602767e-01   1.2480830e+00   5.4666036e+00   1.8779489e+01   4.6861357e+01   8.9021601e+01   1.0380722e+02   3.9223089e+01   1.2389304e+01   2.8789115e+00   8.5701700e-01   3.6610435e-01   3.1618103e-01   4.5763044e-01
   2.5793716e-01   2.8289882e-01   4.9091265e-01   2.9870787e+00   1.2805332e+01   4.0121708e+01   9.2100206e+01   1.1346739e+02   3.9597514e+01   1.1324273e+01   2.4046399e+00   6.6564427e-01   3.1618103e-01   3.2450158e-01   4.4098933e-01
   2.1633439e-01   1.9137273e-01   2.6625771e-01   1.4144941e+00   8.0376546e+00   3.1643065e+01   9.2682644e+01   1.2152168e+02   4.1269945e+01   1.0650308e+01   2.1716644e+00   5.8243874e-01   3.3282214e-01   3.6610435e-01   4.5763044e-01
   1.9969328e-01   1.6641107e-01   1.9969328e-01   5.5747708e-01   5.2003459e+00   2.2773355e+01   8.9346102e+01   1.2895194e+02   4.4456717e+01   1.0758476e+01   2.2548700e+00   5.2419486e-01   3.4946324e-01   3.5778380e-01   4.5763044e-01
   1.9137273e-01   1.6641107e-01   1.5809051e-01   2.7457826e-01   3.6111202e+00   1.6200117e+01   7.9636017e+01   1.3531716e+02   4.5604953e+01   1.2530753e+01   2.6209743e+00   4.9923320e-01   3.8274546e-01   3.8274546e-01   4.4930988e-01
   1.4976996e-01   1.6641107e-01   1.4976996e-01   2.5793716e-01   2.5128071e+00   1.3936927e+01   7.7622443e+01   1.3441854e+02   5.1396058e+01   1.5842334e+01   3.2533364e+00   6.1572095e-01   3.6610435e-01   3.7442490e-01   4.5763044e-01
   1.4976996e-01   1.5809051e-01   1.7473162e-01   3.3282214e-01   2.2049467e+00   1.4053415e+01   7.2613470e+01   1.2967582e+02   5.6754495e+01   2.0335433e+01   4.5679838e+00   9.2358143e-01   3.5778380e-01   3.0786048e-01   4.7427154e-01
   1.7473162e-01   1.7473162e-01   1.9137273e-01   3.3282214e-01   2.3380755e+00   1.5542794e+01   6.8827618e+01   1.2164649e+02   6.1014618e+01   2.5269521e+01   6.8561360e+00   1.3396091e+00   4.1602767e-01   3.0786048e-01   4.5763044e-01
   1.7473162e-01   1.6641107e-01   1.9969328e-01   4.4930988e-01   2.6708976e+00   1.7706138e+01   6.5873821e+01   1.1152038e+02   6.2969948e+01   3.0112083e+01   1.0392371e+01   2.1799850e+00   5.7411818e-01   2.9953992e-01   3.9938656e-01
   1.6641107e-01   1.5809051e-01   2.1633439e-01   5.9907984e-01   3.4530297e+00   2.0102457e+01   6.3136359e+01   1.0126946e+02   6.2520638e+01   3.4305642e+01   1.4461122e+01   3.6111202e+00   7.9045257e-01   3.4114269e-01   4.3266878e-01
   1.7473162e-01   1.4976996e-01   2.3297550e-01   8.7365811e-01   4.8092799e+00   2.2107710e+01   6.0873169e+01   9.1085098e+01   6.0931413e+01   3.7301041e+01   1.8638040e+01   6.1738506e+00   1.3479297e+00   4.9923320e-01   4.4098933e-01
   1.9137273e-01   1.8305217e-01   3.4114269e-01   1.2896858e+00   6.7063660e+00   2.3996476e+01   5.8285477e+01   8.2298594e+01   5.7320292e+01   3.8890267e+01   2.2299083e+01   9.4604692e+00   2.5460893e+00   7.4052925e-01   5.3251542e-01
