   8.6636467e-01   1.1551529e+00   1.4439411e+00   4.3318233e+00   4.0430351e+00   2.8878822e+00   1.7327293e+00   1.7327293e+00   1.7327293e+00   1.7327293e+00   2.0215176e+00   3.4654587e+00   6.0645527e+00   5.7757644e+00   4.9093998e+00
   8.6636467e-01   5.7757644e-01   8.6636467e-01   3.1766704e+00   4.6206116e+00   2.8878822e+00   1.7327293e+00   2.0215176e+00   2.0215176e+00   2.0215176e+00   3.1766704e+00   5.1981880e+00   6.0645527e+00   6.0645527e+00   5.4869762e+00
   5.7757644e-01   8.6636467e-01   5.7757644e-01   1.1551529e+00   4.0430351e+00   3.1766704e+00   2.5990940e+00   2.5990940e+00   2.3103058e+00   2.8878822e+00   5.1981880e+00   5.7757644e+00   7.7972820e+00   8.0860702e+00   7.7972820e+00
   1.1551529e+00   5.7757644e-01   5.7757644e-01   5.7757644e-01   2.8878822e+00   4.0430351e+00   3.7542469e+00   3.4654587e+00   4.3318233e+00   6.0645527e+00   8.3748584e+00   1.3861835e+01   1.5883352e+01   1.6749717e+01   1.7038505e+01
   3.4654587e+00   2.5990940e+00   1.7327293e+00   1.7327293e+00   3.4654587e+00   6.3533409e+00   8.0860702e+00   8.6636467e+00   1.2417894e+01   1.8193658e+01   2.3680634e+01   2.7434881e+01   2.6279728e+01   2.5702152e+01   2.7146093e+01
   1.2706682e+01   1.5305776e+01   1.8193658e+01   1.9060023e+01   1.9926387e+01   2.4258211e+01   3.2921857e+01   3.4943375e+01   4.1585504e+01   4.7072480e+01   5.0537939e+01   4.6206116e+01   4.4184598e+01   4.3318233e+01   4.3318233e+01
   4.5917327e+01   4.8227633e+01   5.2848245e+01   5.7180068e+01   6.0934315e+01   6.9309173e+01   8.3459796e+01   8.5481314e+01   8.5192525e+01   8.3171008e+01   7.4796149e+01   7.0753114e+01   7.0464326e+01   7.1619479e+01   7.0464326e+01
   6.6998867e+01   7.4218573e+01   8.3459796e+01   9.2412231e+01   1.0165345e+02   1.1118347e+02   1.3573046e+02   1.4583805e+02   1.2908834e+02   1.1493771e+02   1.0598528e+02   9.8476784e+01   9.0101925e+01   8.1438279e+01   7.4796149e+01
   7.2197055e+01   7.7395243e+01   7.9994337e+01   8.4037373e+01   9.1257078e+01   1.0136467e+02   1.1176104e+02   1.1147225e+02   9.5011325e+01   8.3748584e+01   7.5951302e+01   6.8442809e+01   6.3822197e+01   5.8046433e+01   5.1404304e+01
   5.8335221e+01   5.7180068e+01   5.8046433e+01   6.0067950e+01   5.8046433e+01   5.5158550e+01   5.2270668e+01   4.3029445e+01   3.6098528e+01   3.0611552e+01   2.6279728e+01   2.5702152e+01   2.5413364e+01   2.5702152e+01   2.4258211e+01
   3.7831257e+01   3.6676104e+01   3.5809740e+01   3.1766704e+01   2.6568516e+01   2.1370328e+01   2.1370328e+01   1.7038505e+01   1.0973952e+01   8.0860702e+00   5.7757644e+00   3.4654587e+00   2.8878822e+00   3.7542469e+00   5.1981880e+00
   1.9060023e+01   1.6460929e+01   1.4150623e+01   1.2129105e+01   8.3748584e+00   6.3533409e+00   8.9524349e+00   6.9309173e+00   5.1981880e+00   5.7757644e+00   4.6206116e+00   3.1766704e+00   1.1551529e+00   1.1551529e+00   1.1551529e+00
   8.9524349e+00   8.9524349e+00   7.2197055e+00   4.6206116e+00   2.5990940e+00   4.6206116e+00   7.2197055e+00   5.4869762e+00   3.4654587e+00   4.6206116e+00   5.4869762e+00   3.1766704e+00   2.5990940e+00   1.4439411e+00   1.7327293e+00
   5.7757644e+00   4.0430351e+00   3.4654587e+00   2.8878822e+00   2.0215176e+00   4.3318233e+00   6.0645527e+00   4.3318233e+00   2.3103058e+00   4.3318233e+00   4.0430351e+00   3.7542469e+00   2.5990940e+00   1.4439411e+00   1.4439411e+00
   2.5990940e+00   3.1766704e+00   2.5990940e+00   2.3103058e+00   2.8878822e+00   3.4654587e+00   4.9093998e+00   2.8878822e+00   2.3103058e+00   2.8878822e+00   3.7542469e+00   3.4654587e+00   3.1766704e+00   2.3103058e+00   8.6636467e-01
