   3.6952777e+01   5.5661735e+01   7.9797325e+01   1.0817086e+02   1.4703587e+02   1.8331678e+02   2.0398966e+02   2.0476490e+02   1.8993210e+02   1.6088670e+02   1.2491589e+02   9.2407783e+01   6.3775841e+01   4.5790434e+01   3.3645116e+01
   3.2404743e+01   5.0286786e+01   7.5559384e+01   1.0853263e+02   1.5168727e+02   1.9267126e+02   2.1530807e+02   2.1830563e+02   2.0171565e+02   1.7029287e+02   1.2889542e+02   9.2459465e+01   6.2535468e+01   4.3619781e+01   3.1267734e+01
   2.7494933e+01   4.4188285e+01   7.0752939e+01   1.0806749e+02   1.5623531e+02   2.0140555e+02   2.2481759e+02   2.3019254e+02   2.1427442e+02   1.7944062e+02   1.3323672e+02   9.2046007e+01   5.9434536e+01   4.1397446e+01   2.8631942e+01
   2.4652412e+01   3.7831374e+01   6.5998176e+01   1.0558675e+02   1.6052493e+02   2.0874443e+02   2.3308675e+02   2.3861674e+02   2.2667815e+02   1.8920855e+02   1.3675111e+02   9.0702270e+01   5.7160519e+01   3.7624645e+01   2.6512971e+01
   2.1913255e+01   3.3541751e+01   6.0003040e+01   1.0382955e+02   1.6223044e+02   2.1592825e+02   2.3897852e+02   2.4352655e+02   2.3572254e+02   2.0197406e+02   1.3824990e+02   8.9823672e+01   5.4421362e+01   3.5092217e+01   2.3928861e+01
   2.0362789e+01   3.0492501e+01   5.4576409e+01   1.0145217e+02   1.6104175e+02   2.2326713e+02   2.4207945e+02   2.4647244e+02   2.4073571e+02   2.1541143e+02   1.4052392e+02   8.7859749e+01   5.2405756e+01   3.3490069e+01   2.1448115e+01
   1.9070734e+01   2.8993717e+01   5.2715849e+01   9.5353668e+01   1.5887110e+02   2.2714329e+02   2.4456019e+02   2.4771281e+02   2.4564552e+02   2.2269862e+02   1.4615728e+02   8.5534049e+01   5.2405756e+01   3.1629510e+01   1.9380827e+01
   1.9225780e+01   2.8528577e+01   5.2043981e+01   9.0650588e+01   1.5644203e+02   2.2605797e+02   2.4430178e+02   2.4802290e+02   2.4616234e+02   2.2507600e+02   1.5287596e+02   8.6619376e+01   5.3129307e+01   2.9097081e+01   1.8864005e+01
   2.0259424e+01   2.9820632e+01   5.1733887e+01   8.8686664e+01   1.4837961e+02   2.2523105e+02   2.4435347e+02   2.4724767e+02   2.4636907e+02   2.2595460e+02   1.5799250e+02   9.0908999e+01   5.2612485e+01   2.9045399e+01   1.8295501e+01
   2.2688488e+01   3.2559789e+01   5.1630523e+01   8.7653020e+01   1.4243616e+02   2.2021788e+02   2.4083908e+02   2.4595561e+02   2.4300973e+02   2.2528273e+02   1.5959465e+02   9.7007499e+01   5.3387718e+01   3.0079043e+01   1.9329145e+01
   2.4807458e+01   3.5453993e+01   5.3594447e+01   8.8014795e+01   1.4067896e+02   2.0672882e+02   2.3706627e+02   2.4321646e+02   2.4021889e+02   2.2104479e+02   1.6078334e+02   1.0258918e+02   5.6230239e+01   3.2973247e+01   2.0776246e+01
   2.7753344e+01   3.8244832e+01   5.5403324e+01   8.8066478e+01   1.3773308e+02   1.9499696e+02   2.2771180e+02   2.3918525e+02   2.3608431e+02   2.1293069e+02   1.6119680e+02   1.0631030e+02   6.2432104e+01   3.6487637e+01   2.3515403e+01
   3.0544183e+01   4.0622213e+01   5.8349210e+01   8.8893393e+01   1.3411532e+02   1.8533239e+02   2.1654844e+02   2.3220815e+02   2.2952067e+02   2.0621200e+02   1.5949128e+02   1.0817086e+02   6.7910418e+01   4.1242400e+01   2.7236522e+01
   3.3283340e+01   4.3464734e+01   6.1191731e+01   8.9875355e+01   1.3018747e+02   1.7515099e+02   2.0579854e+02   2.2233685e+02   2.2016619e+02   1.9871808e+02   1.5551176e+02   1.0910113e+02   7.2923591e+01   4.7289218e+01   3.0595865e+01
   3.5919133e+01   4.6875760e+01   6.3827523e+01   8.9823672e+01   1.2672477e+02   1.6558979e+02   1.9530705e+02   2.1096676e+02   2.0982975e+02   1.8957033e+02   1.5080867e+02   1.1023814e+02   7.6127888e+01   5.2819214e+01   3.4937171e+01
