   1.2813015e+01   1.2462932e+01   1.3023064e+01   1.3443163e+01   1.4073311e+01   1.6943987e+01   2.2685338e+01   3.2907743e+01   4.5230643e+01   5.9443987e+01   7.3447282e+01   8.2829489e+01   8.7100494e+01   8.9691104e+01   8.8570840e+01
   1.2742998e+01   1.3023064e+01   1.3793245e+01   1.4773476e+01   1.7364086e+01   2.1845140e+01   3.1577430e+01   4.4810544e+01   6.0284185e+01   7.5127677e+01   8.8430807e+01   9.3542010e+01   9.7602965e+01   9.7112850e+01   9.4522241e+01
   1.3373147e+01   1.4563427e+01   1.5193575e+01   1.7014003e+01   2.0654860e+01   2.9406919e+01   4.3200165e+01   5.9093904e+01   7.6528007e+01   9.2141680e+01   1.0173394e+02   1.0621499e+02   1.0600494e+02   1.0201400e+02   9.2421746e+01
   1.4143328e+01   1.5753707e+01   1.8414333e+01   2.0934926e+01   2.8216639e+01   4.0329489e+01   5.7623558e+01   7.7578254e+01   9.6132619e+01   1.0936573e+02   1.1552718e+02   1.1321664e+02   1.0992586e+02   9.8653213e+01   8.8570840e+01
   1.5123558e+01   1.8344316e+01   2.1214992e+01   2.9266886e+01   3.7248764e+01   5.3842669e+01   7.6668040e+01   1.0278418e+02   1.1727759e+02   1.2616969e+02   1.2315898e+02   1.1790774e+02   1.0565486e+02   9.2561779e+01   8.0448929e+01
   1.8484349e+01   2.3105437e+01   2.9827018e+01   3.6408567e+01   5.1322076e+01   7.6528007e+01   1.0803542e+02   1.2203871e+02   1.3506178e+02   1.3681219e+02   1.2785008e+02   1.1041598e+02   9.5012356e+01   8.2689456e+01   7.2537068e+01
   2.4365733e+01   3.0737232e+01   3.8299012e+01   5.1462109e+01   7.2677100e+01   1.0635502e+02   1.2161862e+02   1.3506178e+02   1.5095552e+02   1.3583196e+02   1.1692751e+02   9.8373147e+01   8.3109555e+01   7.0646623e+01   5.9584020e+01
   3.3047776e+01   4.1029654e+01   5.2162273e+01   6.9246293e+01   9.7813015e+01   1.2063839e+02   1.3303130e+02   1.6474876e+02   1.3702224e+02   1.2434926e+02   1.0418451e+02   8.2409390e+01   6.7215815e+01   5.6503295e+01   4.7821252e+01
   4.3760297e+01   5.4122735e+01   6.8406096e+01   8.9621087e+01   1.1384679e+02   1.3240115e+02   1.5116557e+02   1.3968287e+02   1.2757002e+02   1.1104613e+02   8.0939044e+01   6.4205107e+01   5.3002471e+01   4.5580725e+01   4.1029654e+01
   5.5663097e+01   6.6865733e+01   8.2689456e+01   1.0278418e+02   1.2357908e+02   1.3884267e+02   1.3856260e+02   1.2771005e+02   1.1461697e+02   8.0728995e+01   6.2944811e+01   4.9501647e+01   4.1519769e+01   3.7248764e+01   3.4448105e+01
   6.5605437e+01   7.7998353e+01   9.3962109e+01   1.1258649e+02   1.2700988e+02   1.3065074e+02   1.2427924e+02   1.1090610e+02   8.4439868e+01   6.4345140e+01   4.8731466e+01   4.0469522e+01   3.4728171e+01   3.2487644e+01   3.0457166e+01
   7.4917628e+01   8.6540362e+01   1.0236409e+02   1.1594728e+02   1.2126853e+02   1.1895799e+02   1.0901565e+02   9.0951400e+01   6.8616145e+01   5.0271829e+01   3.9069193e+01   3.3957990e+01   3.1017298e+01   2.9196870e+01   2.7726524e+01
   8.0518946e+01   9.3892092e+01   1.0649506e+02   1.1265651e+02   1.1321664e+02   1.0579489e+02   9.4382208e+01   7.3867381e+01   5.5242998e+01   4.2079901e+01   3.3957990e+01   3.0527183e+01   2.9056837e+01   2.7656507e+01   2.7166392e+01
   8.6050247e+01   9.6272652e+01   1.0425453e+02   1.0698517e+02   1.0250412e+02   9.3892092e+01   7.8488468e+01   6.1544481e+01   4.7051071e+01   3.6408567e+01   3.1367381e+01   2.9266886e+01   2.7166392e+01   2.6746293e+01   2.6256178e+01
   8.7240527e+01   9.4802306e+01   9.8583196e+01   9.7953048e+01   9.1581549e+01   8.1009061e+01   6.7845964e+01   5.1462109e+01   4.0749588e+01   3.4308072e+01   2.9967051e+01   2.7726524e+01   2.7026359e+01   2.5976112e+01   2.5556013e+01
