   2.7484848e+01
   2.8340426e+01
   3.2307692e+01
   3.1636364e+01
   3.6465116e+01
   3.5944444e+01
   3.7727273e+01
   3.7625000e+01
   4.0611111e+01
   4.0120000e+01
   4.0000000e+01
   4.0363636e+01
   4.1250000e+01
   4.2985075e+01
   4.4207921e+01
   4.1571429e+01
   4.2466667e+01
   4.2448276e+01
   4.2384615e+01
   4.4015385e+01
   4.5466019e+01
   4.4333333e+01
   4.4777778e+01
   4.3727273e+01
   4.6192308e+01
   4.7857143e+01
   4.6789474e+01
   4.8000000e+01
   4.8925000e+01
   4.8666667e+01
   4.9840000e+01
   5.1231707e+01
   4.9487179e+01
   5.4193548e+01
   1.9620221e+01
   2.6781609e+00
   3.3728814e+00
   8.7826087e+00
   1.2875000e+01
   1.5322581e+01
   2.0157895e+01
   2.2424528e+01
   2.5101695e+01
   2.9621429e+01
   3.2242798e+01
   3.5774545e+01
   3.5860465e+01
   4.2911301e+01
   4.0854305e+01
   4.5792754e+01
   4.2067114e+01
   4.4574818e+01
   5.1686151e+01
   5.7059041e+01
   1.0952381e+00
   3.2000000e+00
   6.2682927e+00
   6.4210526e+00
   5.4545455e+00
   7.6190476e+00
   6.7142857e+00
   6.3846154e+00
   8.1363636e+00
   8.4800000e+00
   9.2352941e+00
   9.0000000e+00
   1.1250000e+01
   1.1935065e+01
   1.1320000e+01
   1.2655172e+01
   1.1645833e+01
   1.1909091e+01
   1.2680851e+01
   1.0833333e+01
   1.1000000e+01
   1.2529412e+01
   1.2818182e+01
   1.1850000e+01
   1.3681818e+01
   1.3526316e+01
   1.3416667e+01
   1.4125000e+01
   1.5500000e+01
   1.6187500e+01
   1.6333333e+01
   1.7033898e+01
   1.8454545e+01
   1.7900000e+01
   1.8512195e+01
   1.9156250e+01
   1.8976190e+01
   1.7363636e+01
   1.7545455e+01
   1.8565217e+01
   2.1040000e+01
   2.1422222e+01
   2.2649351e+01
   2.0928571e+01
   2.3150685e+01
   2.2642857e+01
   2.6148148e+01
   2.6000000e+01
   2.3538462e+01
   2.4500000e+01
   2.4740741e+01
   2.4166667e+01
   2.5444444e+01
   2.6233333e+01
   2.7837838e+01
   2.6800000e+01
   2.7571429e+01
   2.9508772e+01
   3.0142857e+01
   3.5045455e+01
   1.6753247e+00
   9.0564356e+00
   6.2555332e+00
   6.0000000e+00
   1.1170732e+01
   2.1897575e+01
   1.4422414e+01
   1.9219048e+01
   1.9580357e+01
   1.8897260e+01
   2.6416507e+01
   2.9419048e+01
   3.5053422e+01
   3.4154122e+01
   4.6530381e+01
   4.4237378e+01
   4.0000000e+01
   4.2796992e+01
   5.0772059e+01
   4.6857143e+01
   5.8768692e+01
   5.8948529e+01
   5.8964912e+01
   2.0263158e+01
   3.3875000e+01
   3.5285714e+01
   3.6657143e+01
   3.8100000e+01
   4.0966102e+01
   4.3000000e+01
   4.8523810e+01
   5.1561404e+01
   5.3185185e+01
   5.2982456e+01
   5.3700000e+01
   5.2777778e+01
   5.5636364e+01
   5.7671233e+01
   5.6207207e+01
   5.9338346e+01
   5.5625000e+01
   5.6055556e+01
   5.7184615e+01
   5.7437500e+01
   5.8862385e+01
   6.4510204e+01
   6.5405405e+01
   6.7333333e+01
   6.6242424e+01
   6.7952381e+01
   6.8875000e+01
   6.9250000e+01
   7.1571429e+01
   6.9461538e+01
   6.9344828e+01
   7.2169231e+01
   7.1000000e+01
   7.1600000e+01
   7.4250000e+01
   7.3800000e+01
   7.6250000e+01
   7.8395833e+01
   7.8387097e+01
   8.1416667e+01
