   3.0000000e+00
   3.0000000e+00
   3.0000000e+00
   3.0000000e+00
   3.0000000e+00
   3.0000000e+00
   3.0000000e+00
   3.0000000e+00
   3.0000000e+00
   3.0000000e+00
   3.0000000e+00
   3.0000000e+00
   3.0000000e+00
   3.0000000e+00
   3.0000000e+00
   3.0000000e+00
   3.0000000e+00
   3.0000000e+00
   3.0000000e+00
   3.0000000e+00
   3.0000000e+00
   3.0000000e+00
   3.0000000e+00
   3.0000000e+00
   3.0000000e+00
   3.0000000e+00
   3.0000000e+00
   3.0000000e+00
   3.0000000e+00
   3.0000000e+00
   3.0000000e+00
