   1.7062500e+01
   1.7666667e+01
   1.8300000e+01
   2.0434783e+01
   2.0384615e+01
   2.0500000e+01
   1.9785714e+01
   2.2000000e+01
   2.3285714e+01
   2.3615385e+01
   2.3950000e+01
   2.3571429e+01
   2.5181818e+01
   2.6542857e+01
   2.6083333e+01
   2.7750000e+01
   3.0117647e+01
   3.0967742e+01
   3.0956522e+01
   3.1470588e+01
   3.3538462e+01
   3.5875000e+01
   3.5350000e+01
   3.6583333e+01
   3.8250000e+01
   3.8923077e+01
   4.1545455e+01
   4.0523810e+01
   4.3466667e+01
   4.3862069e+01
   4.1545455e+01
   4.3615385e+01
   4.4619048e+01
   4.2909091e+01
   4.3375000e+01
   4.6365385e+01
   4.3266667e+01
   4.5836735e+01
   4.3852941e+01
   4.3636364e+01
   4.5950000e+01
   4.5222222e+01
   4.5461538e+01
   4.5583333e+01
   4.6259259e+01
   4.6625000e+01
   4.6071429e+01
   4.4916667e+01
   4.7272727e+01
   4.8368421e+01
   4.7894737e+01
   5.1756757e+01
   4.8285714e+01
   4.8320000e+01
   4.8923077e+01
   4.8777778e+01
   4.9333333e+01
   5.0166667e+01
   5.2631579e+01
   5.4125000e+01
   2.9538462e+00
   3.1818182e+00
   6.9259259e+00
   6.5833333e+00
   1.0510870e+01
   8.8823529e+00
   8.7692308e+00
   1.0766667e+01
   1.0578947e+01
   8.9333333e+00
   1.0774194e+01
   1.0882353e+01
   1.2666667e+01
   1.2285714e+01
   1.3625000e+01
   1.2111111e+01
   1.2888889e+01
   1.4363636e+01
   1.5205128e+01
   1.4952381e+01
   1.5769231e+01
   1.6038462e+01
   1.6095238e+01
   1.7333333e+01
   1.8000000e+01
   1.7954545e+01
   1.8428571e+01
   1.9272727e+01
   2.0472727e+01
   2.0200000e+01
   1.9583333e+01
   2.2607143e+01
   2.4283333e+01
   1.9800000e+01
   2.1050000e+01
   2.1875000e+01
   2.2062500e+01
   2.3142857e+01
   2.3090909e+01
   2.3136364e+01
   2.5052632e+01
   2.4975000e+01
   2.6333333e+01
   2.4357143e+01
   2.4869565e+01
   2.5384615e+01
   2.9913043e+01
   2.5869565e+01
   2.6250000e+01
   2.8457627e+01
   2.8742857e+01
   2.8227273e+01
   2.8090909e+01
   2.8105263e+01
   2.8384615e+01
   3.4032787e+01
   3.0833333e+01
   3.2169811e+01
   3.2633333e+01
   3.1695652e+01
   3.1117647e+01
   3.0214286e+01
   3.2461538e+01
   3.1142857e+01
   3.3000000e+01
   3.3437500e+01
   3.2045455e+01
   3.1583333e+01
   3.2000000e+01
   3.2181818e+01
   3.6000000e+01
   3.4666667e+01
   3.3812500e+01
   3.4625000e+01
   3.6210526e+01
   3.5692308e+01
   3.5750000e+01
   3.7173913e+01
   3.6428571e+01
   3.6928571e+01
   3.8363636e+01
   3.6937500e+01
   3.7833333e+01
   3.8300000e+01
   3.7272727e+01
   3.6857143e+01
   3.8000000e+01
   3.9115385e+01
   4.2896552e+01
   4.0787234e+01
   3.9750000e+01
   4.0869565e+01
   3.9312500e+01
   4.0846154e+01
   4.0285714e+01
   4.1964286e+01
   4.1857143e+01
   4.2440000e+01
   4.1444444e+01
   4.2809524e+01
   4.2847826e+01
   4.3933333e+01
   4.3000000e+01
   4.1727273e+01
   4.2809524e+01
   4.4115385e+01
   4.4000000e+01
   4.2545455e+01
   4.2750000e+01
   4.5166667e+01
   4.4181818e+01
   4.5846154e+01
   4.9035714e+01
   4.5600000e+01
   4.6200000e+01
   4.8103093e+01
   4.6921053e+01
   4.6642857e+01
   4.6000000e+01
   4.6583333e+01
   4.8481481e+01
   4.9000000e+01
   4.8571429e+01
   4.8400000e+01
   4.8400000e+01
   5.1050000e+01
   4.9384615e+01
   5.1916667e+01
   5.1590909e+01
   5.3933333e+01
   5.5081081e+01
   5.3307692e+01
   5.8519380e+01
   5.4120000e+01
   5.4318182e+01
   5.6800000e+01
   5.6136364e+01
   5.6875000e+01
   3.1500000e+00
   4.4615385e+00
   5.2500000e+00
   7.8695652e+00
   6.4117647e+00
   6.0000000e+00
   8.8717949e+00
   7.9090909e+00
   8.9375000e+00
   8.1875000e+00
   9.4146341e+00
   9.7777778e+00
   1.2428571e+01
   9.7000000e+00
   9.2352941e+00
   8.8000000e+00
   1.0076923e+01
   1.0555556e+01
   1.0666667e+01
   1.1055556e+01
   1.2363636e+01
   1.1363636e+01
   1.1923077e+01
   1.2344828e+01
   1.3000000e+01
   1.3800000e+01
   1.2666667e+01
   1.5105263e+01
   1.5187500e+01
   1.4526316e+01
   1.4941176e+01
   1.4909091e+01
   1.5222222e+01
   1.6846154e+01
   1.5000000e+01
   1.4833333e+01
   1.8109091e+01
   1.8685714e+01
   1.7500000e+01
   1.7307692e+01
   1.8529412e+01
   1.9895833e+01
   1.9250000e+01
   1.8727273e+01
   2.0409091e+01
   2.0052632e+01
   2.0636364e+01
   2.0444444e+01
   2.1866667e+01
   2.2769231e+01
   2.3157895e+01
   2.5375000e+01
   2.3761905e+01
   2.6833333e+01
   2.7473684e+01
   2.7111111e+01
   2.7090909e+01
   2.9285714e+01
   3.0583333e+01
   3.3538462e+01
   3.4923077e+01
   2.4693878e+00
   3.2424242e+00
   5.6181818e+00
   1.9166667e+00
   2.0555556e+00
   3.3571429e+00
   4.5714286e+00
   7.1428571e+00
   7.1923077e+00
   1.0432432e+01
   8.5833333e+00
   9.7500000e+00
   9.1818182e+00
   9.5000000e+00
   1.0500000e+01
   9.6363636e+00
   1.2000000e+01
   1.2613208e+01
   1.1923077e+01
   1.0722222e+01
   1.2052632e+01
   1.2435484e+01
   1.3000000e+01
   1.3255814e+01
   1.2666667e+01
   1.6437500e+01
   1.3866667e+01
   1.5090909e+01
   1.3923077e+01
   1.6833333e+01
   1.5750000e+01
   1.6687500e+01
   1.7606061e+01
   1.7294118e+01
   1.8760000e+01
   1.8629630e+01
   1.7833333e+01
   1.9666667e+01
   2.0333333e+01
   2.1954545e+01
   2.1191489e+01
   2.1928571e+01
   2.3965116e+01
   2.1541667e+01
   2.2476190e+01
   2.6693069e+01
   2.2304348e+01
   2.2653846e+01
   2.7893617e+01
   2.6411765e+01
   2.4909091e+01
   2.6785714e+01
   2.5933333e+01
   2.9478261e+01
   2.9060606e+01
   2.6200000e+01
   2.7269231e+01
   2.8000000e+01
   2.7400000e+01
   2.9000000e+01
   3.1288288e+01
   2.9307692e+01
   3.0360000e+01
   3.2000000e+01
   3.1666667e+01
   3.3416667e+01
   3.5392857e+01
   3.7318182e+01
   3.6050000e+01
   3.8317647e+01
   3.5866667e+01
   3.5000000e+01
   3.6000000e+01
   3.9950000e+01
   4.1518072e+01
   3.9076923e+01
   3.8285714e+01
   3.9083333e+01
   3.8966667e+01
   3.8564103e+01
   4.3292929e+01
   4.4685714e+01
   4.0647059e+01
   4.3965517e+01
   4.3437500e+01
   4.2692308e+01
   4.3941176e+01
   4.5000000e+01
   4.3000000e+01
   4.3650000e+01
   4.4416667e+01
   4.8942857e+01
   5.0587302e+01
   4.8545455e+01
   4.8258065e+01
   4.9200000e+01
   5.0500000e+01
   5.2680000e+01
   5.1800000e+01
   5.3565217e+01
   5.7338983e+01
   5.8445783e+01
   5.3818182e+01
   5.5962963e+01
   5.5722222e+01
   5.5733333e+01
   6.1858757e+01
   6.0205128e+01
   6.1055556e+01
   6.1090909e+01
   6.1727273e+01
   6.1500000e+01
   6.3862745e+01
   2.0818182e+01
   2.6466667e+01
   3.2333333e+01
   3.3944444e+01
   3.5071429e+01
   3.6413043e+01
   3.5800000e+01
   3.6416667e+01
   3.7470588e+01
   3.8275000e+01
   3.8394737e+01
   3.7772727e+01
   3.9000000e+01
   4.0562500e+01
   4.3214286e+01
   4.4431034e+01
   4.6435897e+01
   4.7576923e+01
   4.5857143e+01
   4.7117647e+01
   4.7461538e+01
   5.0615385e+01
   5.2740741e+01
   5.3441176e+01
   5.2320000e+01
   5.2000000e+01
   5.4822222e+01
   5.3437500e+01
   5.4272727e+01
   5.5090909e+01
   5.5884615e+01
   5.8200000e+01
   5.6846154e+01
   5.8450000e+01
   5.8783784e+01
   5.9166667e+01
   6.0400000e+01
   6.1672131e+01
   6.1914286e+01
   6.0894737e+01
   6.1615385e+01
   6.2625000e+01
   6.3894737e+01
   6.3181818e+01
   6.4307692e+01
   6.4916667e+01
   6.6285714e+01
   6.6000000e+01
   6.7181818e+01
   6.8333333e+01
   7.0090909e+01
   6.9888889e+01
   7.1285714e+01
   7.1538462e+01
   7.1825000e+01
   7.2454545e+01
   7.3857143e+01
   7.3315789e+01
   7.4800000e+01
   7.6000000e+01
   7.7621622e+01
   7.7272727e+01
   7.7863636e+01
   8.1083333e+01
   8.3775510e+01
   8.5090909e+01
   8.7812500e+01
   9.0250000e+01
