   7.9248120e+00   7.1578947e+00   6.0075188e+00   9.5864662e+00   1.4954887e+01   3.4639098e+01   6.4932331e+01   8.8578947e+01   9.5609023e+01   9.2541353e+01   8.9090226e+01   8.4105263e+01   7.5030075e+01   5.7390977e+01   4.2180451e+01
   1.7511278e+01   1.4699248e+01   1.2142857e+01   1.3676692e+01   2.0451128e+01   4.8699248e+01   7.8225564e+01   9.6887218e+01   1.0110526e+02   9.4330827e+01   8.9984962e+01   8.3849624e+01   7.1834586e+01   5.1894737e+01   3.7706767e+01
   2.4669173e+01   2.4924812e+01   2.3390977e+01   2.6203008e+01   3.8090226e+01   7.1451128e+01   1.0072180e+02   1.1171429e+02   1.1094737e+02   1.0161654e+02   9.7909774e+01   8.9857143e+01   7.2984962e+01   5.2661654e+01   3.6045113e+01
   2.9909774e+01   3.0676692e+01   3.0548872e+01   3.5917293e+01   5.9436090e+01   9.4330827e+01   1.1976692e+02   1.2743609e+02   1.2206767e+02   1.1158647e+02   1.0736842e+02   9.4586466e+01   7.2984962e+01   5.2917293e+01   3.5022556e+01
   3.6172932e+01   3.5406015e+01   3.5661654e+01   4.5887218e+01   7.7969925e+01   1.1107519e+02   1.3024812e+02   1.3459398e+02   1.2845865e+02   1.1695489e+02   1.1312030e+02   9.6120301e+01   7.1706767e+01   4.9466165e+01   3.5661654e+01
   3.7962406e+01   3.8345865e+01   3.8857143e+01   6.0203008e+01   9.0879699e+01   1.2398496e+02   1.3446617e+02   1.3893985e+02   1.3088722e+02   1.1963910e+02   1.1503759e+02   9.5353383e+01   6.9278195e+01   4.7421053e+01   3.4000000e+01
   3.9624060e+01   4.0263158e+01   4.4097744e+01   7.7969925e+01   1.0263910e+02   1.3075940e+02   1.4111278e+02   1.4520301e+02   1.3293233e+02   1.2334586e+02   1.1733835e+02   8.8195489e+01   5.8796992e+01   4.1541353e+01   3.3360902e+01
   4.1796992e+01   4.4353383e+01   6.0714286e+01   9.3947368e+01   1.1695489e+02   1.3663910e+02   1.5351128e+02   1.6450376e+02   1.4251880e+02   1.2807519e+02   1.1708271e+02   7.9631579e+01   5.4067669e+01   4.0263158e+01   3.7578947e+01
   3.3488722e+01   4.1924812e+01   6.4421053e+01   9.2924812e+01   1.1375940e+02   1.2845865e+02   1.4124060e+02   1.4929323e+02   1.4021805e+02   1.2628571e+02   1.0800752e+02   6.7488722e+01   4.8571429e+01   4.1413534e+01   3.9240602e+01
   3.2082707e+01   4.7037594e+01   7.1323308e+01   9.5992481e+01   1.1324812e+02   1.2475188e+02   1.3638346e+02   1.4111278e+02   1.3088722e+02   1.1708271e+02   8.5383459e+01   5.2917293e+01   3.7451128e+01   3.7067669e+01   3.7962406e+01
   3.2977444e+01   5.3684211e+01   7.5669173e+01   9.7270677e+01   1.1107519e+02   1.2334586e+02   1.3267669e+02   1.3740602e+02   1.2539098e+02   1.0493985e+02   6.7360902e+01   4.2947368e+01   3.5022556e+01   3.4766917e+01   3.4639098e+01
   3.4383459e+01   5.4067669e+01   7.4774436e+01   9.3052632e+01   1.0430075e+02   1.1618797e+02   1.2551880e+02   1.2858647e+02   1.1823308e+02   8.5127820e+01   5.2533835e+01   3.4766917e+01   3.1187970e+01   3.0548872e+01   2.9526316e+01
   3.8729323e+01   5.6624060e+01   7.3496241e+01   8.8706767e+01   9.7909774e+01   1.0787970e+02   1.1401504e+02   1.1567669e+02   9.7654135e+01   5.9947368e+01   3.1187970e+01   2.2112782e+01   2.2368421e+01   2.3646617e+01   2.4157895e+01
   4.1285714e+01   5.9180451e+01   7.1451128e+01   8.3849624e+01   9.1774436e+01   1.0059398e+02   1.0455639e+02   1.0340602e+02   7.8864662e+01   3.7834586e+01   1.8789474e+01   1.3293233e+01   1.3037594e+01   1.5338346e+01   1.7127820e+01
   4.5759398e+01   6.0969925e+01   7.1834586e+01   8.2060150e+01   8.9601504e+01   9.7526316e+01   9.9571429e+01   9.2669173e+01   6.4932331e+01   2.5691729e+01   1.3548872e+01   9.9699248e+00   9.5864662e+00   9.7142857e+00   1.1120301e+01
