   1.7324702e+00   1.2094603e+00   8.8257916e-01   7.8451481e-01   6.5376234e-01   6.2107422e-01   5.8838610e-01   5.5569799e-01   4.5763364e-01   3.2688117e-01   4.9032175e-01   6.8645046e-01   8.1720292e-01   1.0460197e+00   1.2094603e+00
   2.1574157e+00   1.5036534e+00   1.1767722e+00   1.0133316e+00   8.1720292e-01   6.5376234e-01   4.5763364e-01   4.2494552e-01   3.9225740e-01   4.2494552e-01   4.9032175e-01   6.2107422e-01   7.8451481e-01   9.1526727e-01   1.0460197e+00
   2.9419305e+00   2.1574157e+00   1.6344058e+00   1.0787079e+00   8.8257916e-01   8.1720292e-01   6.5376234e-01   7.5182669e-01   6.5376234e-01   6.8645046e-01   7.1913857e-01   8.4989104e-01   9.8064351e-01   1.0787079e+00   1.5690296e+00
   5.3608512e+00   3.9552621e+00   2.6804256e+00   1.7978464e+00   1.2421484e+00   8.8257916e-01   7.5182669e-01   8.4989104e-01   9.1526727e-01   1.0460197e+00   1.2421484e+00   1.4709653e+00   1.9285989e+00   2.2554801e+00   3.0399949e+00
   1.1408153e+01   9.1199846e+00   6.9298808e+00   5.0666581e+00   3.6610691e+00   2.4516088e+00   1.5690296e+00   1.4709653e+00   1.8632227e+00   2.3535444e+00   3.1053711e+00   3.9552621e+00   5.0993462e+00   6.9298808e+00   8.7277272e+00
   2.1083835e+01   1.9482118e+01   1.7684271e+01   1.5559544e+01   1.3794385e+01   1.2421484e+01   1.2127291e+01   1.1473529e+01   1.1735034e+01   1.2225356e+01   1.3696321e+01   1.5821049e+01   1.8272657e+01   2.0103192e+01   2.1018459e+01
   3.2132419e+01   3.2459300e+01   3.1838226e+01   3.1282528e+01   3.0269196e+01   2.9255865e+01   2.7981028e+01   2.7850276e+01   2.8013716e+01   2.9190488e+01   3.1217152e+01   3.2884246e+01   3.4028330e+01   3.3897577e+01   3.2753493e+01
   4.3965517e+01   4.5207666e+01   4.6449814e+01   4.6678631e+01   4.7790027e+01   4.8018844e+01   4.7234329e+01   4.5926804e+01   4.4292398e+01   4.4488527e+01   4.4521215e+01   4.3409819e+01   4.1383156e+01   3.9323805e+01   3.6970260e+01
   4.1088963e+01   4.1710037e+01   4.1448532e+01   4.1383156e+01   4.0141008e+01   3.7558646e+01   3.4943597e+01   3.3668760e+01   3.2884246e+01   3.3243815e+01   3.3145751e+01   3.3472632e+01   3.2524676e+01   3.1642097e+01   3.0563389e+01
   2.8111781e+01   2.6608127e+01   2.4842969e+01   2.2750929e+01   2.0397385e+01   1.8207281e+01   1.7161261e+01   1.6442123e+01   1.5788360e+01   1.5461479e+01   1.5919113e+01   1.6867068e+01   1.7586207e+01   1.7847712e+01   1.8501474e+01
   1.4382771e+01   1.2388796e+01   1.0067940e+01   7.7143956e+00   5.6877323e+00   4.1187027e+00   3.0073068e+00   3.1380592e+00   3.3995642e+00   3.7918216e+00   4.5763364e+00   5.3935393e+00   6.6356877e+00   7.9105243e+00   8.9238559e+00
   7.8778362e+00   5.8511729e+00   3.9879503e+00   2.7458018e+00   1.8959108e+00   1.6670940e+00   1.1767722e+00   9.4795539e-01   1.1113960e+00   1.4055890e+00   1.9285989e+00   2.4189207e+00   2.7458018e+00   3.2361236e+00   4.1840790e+00
   4.2167671e+00   3.1053711e+00   2.2881682e+00   1.8305345e+00   1.4709653e+00   1.3075247e+00   1.2421484e+00   1.0787079e+00   1.0460197e+00   1.1113960e+00   1.0460197e+00   1.2094603e+00   1.3075247e+00   1.7651583e+00   2.1901038e+00
   2.0593514e+00   1.9939751e+00   1.6344058e+00   1.5363415e+00   1.2094603e+00   1.0460197e+00   8.4989104e-01   8.4989104e-01   9.4795539e-01   8.4989104e-01   9.4795539e-01   9.4795539e-01   1.0787079e+00   1.3075247e+00   1.4709653e+00
   1.7651583e+00   1.4709653e+00   1.1440841e+00   8.4989104e-01   7.8451481e-01   6.8645046e-01   7.8451481e-01   7.8451481e-01   6.8645046e-01   6.8645046e-01   6.8645046e-01   6.8645046e-01   8.1720292e-01   8.1720292e-01   1.0460197e+00
