   3.1020325e-01   2.5850271e-01   2.4557758e-01   1.9387703e-01   2.3265244e-01   2.3265244e-01   2.8435298e-01   5.8163110e-01   1.4993157e+00   5.9197121e+00   1.7229206e+01   3.3243449e+01   4.4746819e+01   4.9916874e+01   5.0899184e+01
   2.7142785e-01   2.1972730e-01   2.3265244e-01   1.9387703e-01   1.8095190e-01   2.1972730e-01   3.7482893e-01   7.1088246e-01   3.1795834e+00   1.1645547e+01   3.0038015e+01   4.6491713e+01   5.5125703e+01   5.5707334e+01   4.8895788e+01
   2.8435298e-01   2.3265244e-01   2.4557758e-01   2.4557758e-01   2.8435298e-01   3.2312839e-01   4.1360434e-01   1.4993157e+00   7.0829743e+00   2.4286330e+01   4.6556338e+01   5.9972629e+01   6.1355619e+01   5.2320949e+01   3.9641391e+01
   2.9727812e-01   2.7142785e-01   2.9727812e-01   3.1020325e-01   3.7482893e-01   3.4897866e-01   7.7550814e-01   4.0584926e+00   1.7681585e+01   4.4203964e+01   6.4483501e+01   6.8348117e+01   5.5720260e+01   3.9059760e+01   2.6250950e+01
   3.7482893e-01   3.4897866e-01   3.3605353e-01   3.4897866e-01   3.7482893e-01   5.1700542e-01   2.7659790e+00   1.2278879e+01   3.8697856e+01   6.8231791e+01   7.6219525e+01   5.8382837e+01   3.7095139e+01   2.2101982e+01   1.2705408e+01
   3.6190380e-01   3.6190380e-01   3.7482893e-01   3.4897866e-01   4.3945461e-01   2.0680217e+00   9.4870495e+00   3.0645496e+01   6.9330427e+01   8.4116782e+01   6.0088955e+01   3.3450251e+01   1.7539409e+01   8.8020173e+00   4.0714177e+00
   3.4897866e-01   3.7482893e-01   3.4897866e-01   4.3945461e-01   1.9258452e+00   9.7455522e+00   2.2929191e+01   6.8839272e+01   9.2880024e+01   5.9908003e+01   2.9482234e+01   1.3377515e+01   5.7258351e+00   2.2618987e+00   1.2149627e+00
   3.6190380e-01   4.0067920e-01   7.7550814e-01   2.6755031e+00   9.7584774e+00   2.2192458e+01   6.3617517e+01   1.0230245e+02   5.4737949e+01   2.6031223e+01   9.9911298e+00   3.7999899e+00   1.3959146e+00   7.1088246e-01   4.9115515e-01
   8.7890922e-01   1.6156419e+00   4.0972680e+00   1.1878200e+01   2.7918293e+01   6.6874652e+01   1.0249633e+02   5.5384206e+01   2.4764560e+01   7.9101830e+00   3.2959096e+00   1.0081606e+00   4.5237975e-01   3.2312839e-01   3.4897866e-01
   3.2312839e+00   7.1346748e+00   1.6221045e+01   3.3812155e+01   6.5698464e+01   9.1522885e+01   6.0308683e+01   2.6108774e+01   8.3754879e+00   3.9033909e+00   7.6258300e-01   3.3605353e-01   2.7142785e-01   2.9727812e-01   2.7142785e-01
   1.0973440e+01   2.1248923e+01   3.7547519e+01   6.1265143e+01   8.0988900e+01   6.3423640e+01   3.0516245e+01   1.1529221e+01   3.8646155e+00   6.4625678e-01   3.6190380e-01   2.9727812e-01   2.8435298e-01   2.3265244e-01   2.5850271e-01
   2.4622383e+01   3.9150236e+01   5.6120939e+01   7.1230422e+01   6.2505956e+01   3.7030513e+01   1.5755740e+01   4.7823002e+00   1.0727863e+00   4.1360434e-01   2.5850271e-01   2.7142785e-01   2.4557758e-01   2.1972730e-01   1.9387703e-01
   3.8542754e+01   5.0614831e+01   6.1898474e+01   5.9210046e+01   4.2420295e+01   2.0783618e+01   7.0829743e+00   1.7448933e+00   5.1700542e-01   3.2312839e-01   2.1972730e-01   2.3265244e-01   1.9387703e-01   1.5510163e-01   1.5510163e-01
   4.6000558e+01   5.4634548e+01   5.4479447e+01   4.4966547e+01   2.5876121e+01   1.0585686e+01   3.0374069e+00   8.4013381e-01   3.2312839e-01   2.3265244e-01   2.0680217e-01   1.6802676e-01   1.5510163e-01   1.4217649e-01   1.2925136e-01
   4.8029804e+01   4.9244767e+01   4.4927771e+01   3.1046176e+01   1.4993157e+01   5.3122307e+00   1.5122409e+00   4.7823002e-01   2.0680217e-01   1.5510163e-01   1.4217649e-01   1.5510163e-01   1.4217649e-01   9.0475949e-02   9.0475949e-02
