   1.2094603e+00   1.0460197e+00   7.8451481e-01   7.5182669e-01   7.1913857e-01   6.8645046e-01   6.8645046e-01   7.1913857e-01   6.8645046e-01   7.1913857e-01   7.5182669e-01   8.8257916e-01   1.0133316e+00   1.1767722e+00   1.3402128e+00
   1.0133316e+00   9.4795539e-01   8.1720292e-01   8.4989104e-01   8.8257916e-01   9.1526727e-01   7.8451481e-01   7.8451481e-01   7.8451481e-01   8.4989104e-01   1.0133316e+00   1.1440841e+00   1.2748366e+00   1.4055890e+00   1.4055890e+00
   1.6997821e+00   1.3075247e+00   9.8064351e-01   7.8451481e-01   7.5182669e-01   6.5376234e-01   6.2107422e-01   6.2107422e-01   6.2107422e-01   5.8838610e-01   5.5569799e-01   6.8645046e-01   9.4795539e-01   1.0460197e+00   1.2094603e+00
   1.9939751e+00   1.5363415e+00   9.8064351e-01   7.8451481e-01   6.8645046e-01   4.5763364e-01   4.5763364e-01   4.5763364e-01   4.2494552e-01   6.2107422e-01   6.8645046e-01   7.8451481e-01   1.0133316e+00   1.2421484e+00   1.8632227e+00
   3.0726830e+00   2.4516088e+00   1.7651583e+00   1.2748366e+00   9.4795539e-01   6.2107422e-01   5.8838610e-01   7.8451481e-01   1.0460197e+00   1.4055890e+00   1.6017177e+00   1.8305345e+00   2.1574157e+00   2.9746186e+00   3.9552621e+00
   5.3281631e+00   4.4128958e+00   3.6610691e+00   3.0073068e+00   2.2881682e+00   1.8632227e+00   2.1901038e+00   2.4189207e+00   2.7784899e+00   3.3341879e+00   3.7591334e+00   4.2494552e+00   5.3935393e+00   6.4395590e+00   7.1913857e+00
   9.4141777e+00   8.6623510e+00   7.6163312e+00   6.4722471e+00   5.9165492e+00   5.7531086e+00   5.7204205e+00   5.5242918e+00   5.9165492e+00   6.3414947e+00   7.1260095e+00   7.9759005e+00   8.6623510e+00   9.6103064e+00   1.0002564e+01
   1.3630945e+01   1.2552237e+01   1.1473529e+01   1.0623638e+01   9.8064351e+00   9.4468658e+00   9.0546084e+00   8.7604153e+00   8.7931034e+00   8.8911678e+00   9.0219203e+00   9.5776183e+00   1.0231381e+01   1.0492886e+01   1.0525574e+01
   1.1310088e+01   1.0329445e+01   9.4795539e+00   8.4662223e+00   7.5509550e+00   6.8645046e+00   6.6029996e+00   6.3741828e+00   6.5376234e+00   6.8645046e+00   7.2567620e+00   7.4528907e+00   7.8451481e+00   8.2047173e+00   7.9759005e+00
   8.8584797e+00   7.8124599e+00   6.5703115e+00   5.5569799e+00   4.8378413e+00   4.0860146e+00   3.7918216e+00   3.6610691e+00   3.8245097e+00   3.9879503e+00   4.1187027e+00   4.3148314e+00   4.8378413e+00   5.2300987e+00   5.6550442e+00
   5.8838610e+00   5.0012819e+00   3.8571978e+00   2.7784899e+00   2.1247276e+00   1.8305345e+00   1.6344058e+00   1.3729009e+00   1.4382771e+00   1.5690296e+00   1.8959108e+00   2.3208563e+00   2.7131137e+00   2.8765543e+00   3.1380592e+00
   4.0206384e+00   3.1707473e+00   2.2554801e+00   1.6670940e+00   1.3729009e+00   1.0787079e+00   7.8451481e-01   8.4989104e-01   9.1526727e-01   1.2094603e+00   1.3075247e+00   1.4709653e+00   1.6670940e+00   1.8305345e+00   2.0593514e+00
   2.8111781e+00   2.1901038e+00   1.6997821e+00   1.5363415e+00   1.3729009e+00   1.2748366e+00   1.0787079e+00   1.0133316e+00   9.1526727e-01   9.1526727e-01   9.4795539e-01   1.0133316e+00   1.1767722e+00   1.4709653e+00   1.5363415e+00
   2.2227919e+00   1.8959108e+00   1.6017177e+00   1.3402128e+00   1.4382771e+00   1.1767722e+00   1.0460197e+00   1.0460197e+00   1.0787079e+00   1.0787079e+00   8.8257916e-01   8.1720292e-01   9.1526727e-01   9.8064351e-01   1.1113960e+00
   1.6997821e+00   1.5363415e+00   1.2094603e+00   1.0460197e+00   8.8257916e-01   9.4795539e-01   9.4795539e-01   1.0133316e+00   8.8257916e-01   9.1526727e-01   9.4795539e-01   9.8064351e-01   8.4989104e-01   8.4989104e-01   9.1526727e-01
