   7.5717036e-01   1.1648775e+00   2.6792182e+00   6.5732372e+00   1.1432440e+01   1.7165302e+01   2.2873201e+01   2.4412504e+01   1.4461122e+01   6.8561360e+00   2.4296016e+00   8.5701700e-01   4.0770712e-01   3.9106601e-01   3.5778380e-01
   5.0755376e-01   6.1572095e-01   1.4228146e+00   4.3599700e+00   9.2940581e+00   1.5709205e+01   2.2440533e+01   2.4063040e+01   1.3329527e+01   5.6496558e+00   1.6391490e+00   5.4083597e-01   2.4129605e-01   2.9953992e-01   3.1618103e-01
   3.6610435e-01   2.9121937e-01   6.7396483e-01   2.5044866e+00   6.9809443e+00   1.3770516e+01   2.1508631e+01   2.3280908e+01   1.1898391e+01   4.4348550e+00   1.0983130e+00   3.4946324e-01   1.7473162e-01   2.4129605e-01   2.9953992e-01
   2.8289882e-01   1.8305217e-01   3.3282214e-01   1.2480830e+00   4.7427154e+00   1.1415799e+01   2.0044213e+01   2.2365648e+01   1.0492218e+01   3.5029530e+00   6.3236206e-01   2.6625771e-01   2.0801383e-01   2.0801383e-01   2.9121937e-01
   1.9969328e-01   1.4976996e-01   1.5809051e-01   5.5747708e-01   2.7291415e+00   8.9945182e+00   1.7789343e+01   2.0610011e+01   9.4271870e+00   2.6958593e+00   4.5763044e-01   2.3297550e-01   1.9969328e-01   1.8305217e-01   2.9121937e-01
   1.9137273e-01   1.3312885e-01   1.3312885e-01   1.9137273e-01   1.5060202e+00   6.6897249e+00   1.4902111e+01   1.8113845e+01   8.6034522e+00   2.2881522e+00   3.9106601e-01   1.9137273e-01   1.9969328e-01   1.9137273e-01   2.9121937e-01
   1.9137273e-01   9.9846641e-02   1.0816719e-01   1.0816719e-01   6.4068261e-01   5.2253075e+00   1.2306098e+01   1.5276536e+01   8.0958985e+00   2.3297550e+00   3.5778380e-01   1.4144941e-01   2.0801383e-01   1.6641107e-01   2.5793716e-01
   1.9137273e-01   9.9846641e-02   8.3205534e-02   1.0816719e-01   1.9969328e-01   4.1020328e+00   1.0508859e+01   1.3354488e+01   8.0792573e+00   2.6958593e+00   3.1618103e-01   1.4976996e-01   1.9969328e-01   1.6641107e-01   2.4129605e-01
   1.8305217e-01   9.1526087e-02   6.6564427e-02   1.3312885e-01   2.4129605e-01   3.0286814e+00   9.9846641e+00   1.4327993e+01   8.3954384e+00   3.2616569e+00   4.2434822e-01   1.4144941e-01   2.0801383e-01   1.4144941e-01   2.4961660e-01
   1.6641107e-01   9.1526087e-02   9.1526087e-02   1.2480830e-01   3.0786048e-01   2.6043332e+00   1.0051229e+01   1.6008745e+01   9.7766502e+00   3.8440957e+00   6.9892649e-01   1.4144941e-01   1.9137273e-01   1.4144941e-01   2.5793716e-01
   1.8305217e-01   1.0816719e-01   1.1648775e-01   1.7473162e-01   3.6610435e-01   2.8456293e+00   1.0300845e+01   1.7664535e+01   1.1607172e+01   4.8758443e+00   1.1898391e+00   2.6625771e-01   1.7473162e-01   1.4144941e-01   2.1633439e-01
   2.1633439e-01   1.3312885e-01   1.4976996e-01   1.9137273e-01   6.3236206e-01   3.5362352e+00   1.1249388e+01   1.8995823e+01   1.3354488e+01   6.2820178e+00   1.8970862e+00   3.8274546e-01   1.8305217e-01   1.1648775e-01   2.0801383e-01
   2.1633439e-01   1.7473162e-01   1.5809051e-01   3.0786048e-01   1.0234281e+00   4.3682905e+00   1.2430907e+01   1.9919405e+01   1.5076843e+01   8.4786439e+00   3.0702842e+00   6.6564427e-01   2.4961660e-01   1.2480830e-01   1.7473162e-01
   2.1633439e-01   1.7473162e-01   1.9969328e-01   3.4946324e-01   1.5060202e+00   5.4915652e+00   1.3604105e+01   2.0560087e+01   1.6416452e+01   1.0359089e+01   4.6428688e+00   1.3479297e+00   3.4946324e-01   1.6641107e-01   1.7473162e-01
   2.1633439e-01   2.4129605e-01   2.6625771e-01   5.2419486e-01   2.1966261e+00   6.5981988e+00   1.4669136e+01   2.0859627e+01   1.7032173e+01   1.1989917e+01   6.6481222e+00   2.5211277e+00   5.7411818e-01   2.3297550e-01   2.2465494e-01
