   5.6932194e+00   1.0367282e+01   1.7677095e+01   2.3792034e+01   2.9309537e+01   3.3526736e+01   3.8481946e+01   3.5811053e+01   2.4670617e+01   1.5252205e+01   9.0669791e+00   5.6932194e+00   3.5494763e+00   3.1980430e+00   3.5846196e+00
   3.3386163e+00   6.7826626e+00   1.3916759e+01   2.2421444e+01   3.2085860e+01   3.6795066e+01   4.4386025e+01   4.1117696e+01   2.6357497e+01   1.4549338e+01   7.6963892e+00   4.1117696e+00   3.0574697e+00   3.3034730e+00   3.3737596e+00
   2.1085998e+00   4.0063396e+00   8.7506891e+00   1.9750551e+01   3.1945287e+01   4.1996279e+01   5.0782111e+01   4.7127205e+01   2.6638644e+01   1.2967889e+01   6.0797960e+00   3.4791896e+00   2.7060364e+00   2.8466097e+00   3.3386163e+00
   1.6165932e+00   2.0383131e+00   4.9903528e+00   1.3284179e+01   2.9379824e+01   4.6494625e+01   6.0516814e+01   5.4366731e+01   2.7587514e+01   1.0964719e+01   4.4280595e+00   2.9871830e+00   2.4951764e+00   2.4600331e+00   3.0926130e+00
   1.5814498e+00   1.5111632e+00   2.4951764e+00   7.3449559e+00   2.2210584e+01   4.6037762e+01   7.3519846e+01   6.4593440e+01   2.7763230e+01   9.5238423e+00   3.6549063e+00   2.2843164e+00   2.4951764e+00   2.7411797e+00   2.9520397e+00
   1.3354465e+00   1.4408765e+00   1.7220232e+00   3.1628997e+00   1.2757029e+01   3.9465959e+01   8.6382304e+01   7.5769019e+01   2.7974090e+01   8.7506891e+00   2.9520397e+00   1.9328831e+00   2.2491731e+00   2.9871830e+00   3.3034730e+00
   1.3003032e+00   1.4408765e+00   1.5814498e+00   1.7220232e+00   5.6580761e+00   2.5795204e+01   9.1302370e+01   8.9861494e+01   2.6954934e+01   8.4695424e+00   2.6357497e+00   2.2140298e+00   2.1437431e+00   2.8466097e+00   3.4089030e+00
   1.3354465e+00   1.3705899e+00   1.5463065e+00   1.4760198e+00   3.8306229e+00   1.2511025e+01   7.6366455e+01   1.0152908e+02   2.7446940e+01   9.9104190e+00   2.9168964e+00   1.9328831e+00   1.9328831e+00   2.6357497e+00   3.5143330e+00
   1.1597299e+00   1.2651599e+00   1.4760198e+00   1.6868798e+00   3.1277563e+00   1.1562155e+01   6.3539140e+01   9.7311880e+01   4.0344542e+01   1.4127619e+01   4.6389195e+00   2.0734564e+00   1.9680265e+00   2.4600331e+00   3.3034730e+00
   1.0191566e+00   1.1245865e+00   1.4760198e+00   1.7923098e+00   3.3737596e+00   1.3459895e+01   5.3663864e+01   8.5820011e+01   4.9973815e+01   2.0910281e+01   7.7315325e+00   3.4440463e+00   2.3194598e+00   2.5303197e+00   2.8817530e+00
   1.0542999e+00   1.0894432e+00   1.5814498e+00   1.8625965e+00   4.0414829e+00   1.4233049e+01   4.8005788e+01   7.2641262e+01   5.3804438e+01   2.7728087e+01   1.2546169e+01   5.4823594e+00   3.3386163e+00   2.7411797e+00   2.8114664e+00
   1.3003032e+00   1.1245865e+00   1.7220232e+00   2.1437431e+00   4.5686329e+00   1.5252205e+01   4.3577729e+01   6.2555127e+01   5.1309261e+01   3.2331863e+01   1.8063671e+01   8.7155458e+00   4.6389195e+00   3.4440463e+00   3.3386163e+00
   1.6517365e+00   1.5111632e+00   1.7571665e+00   2.2140298e+00   5.8689361e+00   1.6376792e+01   3.8130513e+01   5.3558434e+01   4.6775772e+01   3.3561880e+01   2.1788864e+01   1.3178749e+01   6.8880926e+00   4.6389195e+00   3.9711963e+00
   1.8274531e+00   2.0734564e+00   1.8625965e+00   2.7411797e+00   7.3449559e+00   1.6728225e+01   3.3421307e+01   4.5018605e+01   4.1855706e+01   3.1031560e+01   2.4284041e+01   1.6411935e+01   1.0261852e+01   6.0446527e+00   4.8849228e+00
   1.8625965e+00   2.0383131e+00   2.2491731e+00   3.6900496e+00   8.3992558e+00   1.7149945e+01   2.9450110e+01   3.8060226e+01   3.6513920e+01   2.9309537e+01   2.4108324e+01   1.8028528e+01   1.2686742e+01   8.5398291e+00   6.2906560e+00
