   9.4854309e-01   1.7140340e+00   4.4431755e+00   9.3023787e+00   1.5775769e+01   2.2740072e+01   2.5876921e+01   2.5061507e+01   1.5850654e+01   8.9945182e+00   3.5611969e+00   1.3728913e+00   6.2404150e-01   3.9938656e-01   3.0786048e-01
   6.3236206e-01   9.3190198e-01   2.5377688e+00   6.7063660e+00   1.3595784e+01   2.1566874e+01   2.6484321e+01   2.5743792e+01   1.5226613e+01   7.9211668e+00   2.8206676e+00   1.0151075e+00   3.9938656e-01   3.1618103e-01   2.6625771e-01
   3.9938656e-01   5.3251542e-01   1.3728913e+00   4.3599700e+00   1.0758476e+01   1.9827879e+01   2.6625771e+01   2.6176461e+01   1.4585930e+01   6.8311743e+00   2.1134206e+00   7.6549091e-01   2.5793716e-01   2.2465494e-01   2.7457826e-01
   2.9953992e-01   3.4114269e-01   7.7381147e-01   2.4961660e+00   7.8213202e+00   1.7298431e+01   2.5926844e+01   2.6675694e+01   1.3837080e+01   5.8493490e+00   1.6807518e+00   5.8243874e-01   2.2465494e-01   2.1633439e-01   2.7457826e-01
   2.5793716e-01   2.6625771e-01   4.0770712e-01   1.3229680e+00   5.2502692e+00   1.4402878e+01   2.4445786e+01   2.6767220e+01   1.3462655e+01   5.1504226e+00   1.4228146e+00   4.8259210e-01   2.3297550e-01   2.4129605e-01   2.8289882e-01
   2.1633439e-01   2.3297550e-01   2.8289882e-01   5.4915652e-01   3.3698241e+00   1.1282670e+01   2.2157634e+01   2.6409436e+01   1.3171436e+01   4.7759977e+00   1.2231213e+00   3.9106601e-01   2.4961660e-01   2.4129605e-01   2.8289882e-01
   2.1633439e-01   2.0801383e-01   1.9969328e-01   2.9121937e-01   1.9969328e+00   8.7615427e+00   1.9544980e+01   2.5227918e+01   1.3188077e+01   4.6012660e+00   1.1482364e+00   3.5778380e-01   2.7457826e-01   2.4129605e-01   2.8289882e-01
   1.9969328e-01   1.7473162e-01   1.8305217e-01   1.8305217e-01   1.2148008e+00   7.0724704e+00   1.7298431e+01   2.4104643e+01   1.4727380e+01   4.8841648e+00   1.3396091e+00   3.4946324e-01   2.8289882e-01   2.7457826e-01   2.7457826e-01
   2.1633439e-01   1.5809051e-01   2.0801383e-01   2.1633439e-01   1.0234281e+00   5.7578230e+00   1.5692564e+01   2.4861814e+01   1.5850654e+01   5.7245407e+00   1.4727380e+00   4.2434822e-01   3.1618103e-01   2.5793716e-01   2.8289882e-01
   2.0801383e-01   1.6641107e-01   2.1633439e-01   2.5793716e-01   1.0650308e+00   5.3833980e+00   1.5501191e+01   2.5810357e+01   1.7073776e+01   7.0974320e+00   1.9137273e+00   5.4915652e-01   3.0786048e-01   2.4129605e-01   2.9121937e-01
   1.8305217e-01   1.6641107e-01   1.9969328e-01   3.0786048e-01   1.1232747e+00   5.6746174e+00   1.5817372e+01   2.6509283e+01   1.8363461e+01   8.6284139e+00   2.6625771e+00   7.9045257e-01   3.0786048e-01   2.3297550e-01   2.8289882e-01
   1.9969328e-01   1.4144941e-01   1.8305217e-01   3.7442490e-01   1.3396091e+00   6.1572095e+00   1.6507978e+01   2.6700656e+01   1.9636506e+01   1.0475577e+01   3.6776846e+00   1.1565569e+00   4.0770712e-01   2.4961660e-01   2.9121937e-01
   1.7473162e-01   1.6641107e-01   1.9137273e-01   4.6595099e-01   1.7140340e+00   7.0475087e+00   1.7498124e+01   2.6642412e+01   2.0343753e+01   1.2422586e+01   5.0172937e+00   1.6391490e+00   5.9907984e-01   2.7457826e-01   2.7457826e-01
   1.7473162e-01   1.8305217e-01   2.0801383e-01   5.9075929e-01   2.3131138e+00   8.2623095e+00   1.8230332e+01   2.6567527e+01   2.0776422e+01   1.3887004e+01   7.0391882e+00   2.2715111e+00   8.4869645e-01   4.1602767e-01   3.2450158e-01
   1.7473162e-01   2.0801383e-01   2.4961660e-01   8.7365811e-01   3.1618103e+00   9.4937514e+00   1.8862695e+01   2.6384475e+01   2.0834666e+01   1.5201651e+01   8.9029921e+00   3.5195941e+00   1.2480830e+00   5.4915652e-01   4.2434822e-01
