   6.8688175e+00   6.8300107e+00   7.3733070e+00   7.2568863e+00   6.5195556e+00   6.0538731e+00   5.5493837e+00   5.2001217e+00   4.3851773e+00   4.2299498e+00   4.4627911e+00   4.6568254e+00   3.7254604e+00   3.4150053e+00   3.5314260e+00
   6.1702937e+00   6.2091006e+00   7.1016588e+00   8.1494445e+00   7.8001826e+00   6.6747831e+00   6.5195556e+00   6.5195556e+00   5.8986456e+00   5.6658043e+00   5.7046112e+00   5.4329630e+00   5.0837011e+00   4.6568254e+00   4.5792117e+00
   5.8986456e+00   7.0628519e+00   8.4598996e+00   9.1972303e+00   1.0167402e+01   9.4300715e+00   8.6927408e+00   8.2270583e+00   7.8001826e+00   7.4121138e+00   6.6747831e+00   6.4419419e+00   6.0150662e+00   5.5105768e+00   5.5105768e+00
   5.9762593e+00   7.8777964e+00   9.9345609e+00   1.2418201e+01   1.4630193e+01   1.3970476e+01   1.2068939e+01   1.1448029e+01   9.5852990e+00   8.3434789e+00   8.2270583e+00   8.1494445e+00   7.3345001e+00   7.0628519e+00   6.8300107e+00
   5.8598387e+00   7.3345001e+00   1.0167402e+01   1.4319738e+01   1.9636281e+01   2.2236342e+01   1.9636281e+01   1.8084005e+01   1.5794400e+01   1.3504794e+01   1.0671892e+01   9.8569472e+00   8.8479683e+00   8.7703546e+00   8.6539340e+00
   5.8986456e+00   7.3733070e+00   9.8181403e+00   1.3660021e+01   2.1110942e+01   3.0191752e+01   3.5508294e+01   3.5353067e+01   3.1666413e+01   2.5767767e+01   1.7967585e+01   1.2573429e+01   1.1680870e+01   1.0245016e+01   1.0400243e+01
   5.3941561e+00   6.5971694e+00   7.6837620e+00   1.0982347e+01   1.8782529e+01   3.3218688e+01   5.1496728e+01   5.8481966e+01   4.9323543e+01   3.7836707e+01   2.5767767e+01   1.6997413e+01   1.2845077e+01   1.2068939e+01   1.1797291e+01
   4.5404048e+00   5.4329630e+00   6.7523969e+00   9.0420027e+00   1.4591386e+01   2.8367828e+01   5.3825141e+01   6.6088114e+01   5.5493837e+01   3.9621823e+01   2.7514077e+01   1.8704916e+01   1.4048090e+01   1.3077918e+01   1.1642064e+01
   3.8030741e+00   4.4239842e+00   4.6956323e+00   7.0628519e+00   1.1642064e+01   2.0916908e+01   3.9466596e+01   5.1186273e+01   4.2454725e+01   3.0502207e+01   2.2546797e+01   1.7269061e+01   1.4901841e+01   1.3698828e+01   1.2728656e+01
   3.0657434e+00   4.1523360e+00   5.0060874e+00   6.3643281e+00   9.7017197e+00   1.5794400e+01   2.7863339e+01   3.2791813e+01   2.8717090e+01   2.2313955e+01   1.7152640e+01   1.4164511e+01   1.4086897e+01   1.3271953e+01   1.2689849e+01
   2.8717090e+00   3.7642672e+00   4.9672805e+00   6.1314868e+00   7.8777964e+00   1.2262974e+01   1.7501902e+01   2.1188556e+01   1.9713894e+01   1.7501902e+01   1.4086897e+01   1.2806270e+01   1.2806270e+01   1.1836098e+01   1.1874905e+01
   3.2597778e+00   3.9971085e+00   4.5404048e+00   5.3553493e+00   6.5583625e+00   9.3136509e+00   1.1564450e+01   1.2767463e+01   1.4436159e+01   1.4280931e+01   1.3349566e+01   1.2457008e+01   1.1253995e+01   1.1137574e+01   1.1409222e+01
   3.7254604e+00   4.1523360e+00   4.3075635e+00   5.1225080e+00   5.8598387e+00   7.5285345e+00   8.3046720e+00   1.0206209e+01   1.1021154e+01   1.2418201e+01   1.2612236e+01   1.2379394e+01   1.0943540e+01   1.0283823e+01   1.1525643e+01
   3.3761984e+00   3.6866535e+00   3.7642672e+00   4.4627911e+00   5.5881905e+00   6.9076244e+00   6.9852382e+00   8.0330239e+00   9.8181403e+00   1.0516664e+01   1.1758484e+01   1.1409222e+01   1.1137574e+01   1.0206209e+01   1.0904733e+01
   3.1045503e+00   4.0359154e+00   3.6090397e+00   3.8806879e+00   5.4717699e+00   6.0538731e+00   6.6359763e+00   7.2180794e+00   8.6927408e+00   9.8569472e+00   1.0904733e+01   1.1370415e+01   1.0516664e+01   1.0167402e+01   1.0322630e+01
