   7.6158154e+00   1.0385203e+01   1.3976752e+01   1.8477007e+01   2.3150348e+01   3.0809435e+01   4.1281181e+01   5.5431020e+01   7.4513830e+01   9.5197692e+01   1.1492958e+02   1.2838707e+02   1.3890209e+02   1.4630154e+02   1.4383506e+02
   1.0515018e+01   1.4193110e+01   1.8174105e+01   2.2458001e+01   2.9035296e+01   3.7905990e+01   5.1147124e+01   7.0359749e+01   9.2774478e+01   1.1713643e+02   1.3600288e+02   1.5127779e+02   1.5967249e+02   1.5629730e+02   1.4638809e+02
   1.3890209e+01   1.7351943e+01   2.2760903e+01   2.7217886e+01   3.5569320e+01   4.7339216e+01   6.4907517e+01   8.9399287e+01   1.1748261e+02   1.4219073e+02   1.6123027e+02   1.7023078e+02   1.6780757e+02   1.5625403e+02   1.4167147e+02
   1.7092313e+01   2.2328186e+01   2.5833192e+01   3.4011539e+01   4.4829459e+01   5.9888003e+01   8.6673172e+01   1.1722298e+02   1.4582556e+02   1.6759121e+02   1.7784660e+02   1.7650518e+02   1.6573053e+02   1.4846513e+02   1.3171899e+02
   2.0986764e+01   2.5357203e+01   3.2670117e+01   4.5911251e+01   5.7854234e+01   8.4206686e+01   1.1609791e+02   1.4617173e+02   1.6966825e+02   1.8299593e+02   1.8347192e+02   1.7312998e+02   1.5435008e+02   1.3561344e+02   1.1748261e+02
   2.5054302e+01   3.2453759e+01   4.6041066e+01   6.0147633e+01   8.2605634e+01   1.1553538e+02   1.4214746e+02   1.6746139e+02   1.8433735e+02   1.8753945e+02   1.7840913e+02   1.5863397e+02   1.3773375e+02   1.1808841e+02   9.8140166e+01
   3.4357713e+01   4.7382488e+01   6.3912269e+01   8.3860512e+01   1.1289581e+02   1.3725776e+02   1.6417275e+02   1.8446716e+02   1.9030884e+02   1.8161123e+02   1.6196589e+02   1.3807993e+02   1.1674699e+02   9.5284236e+01   7.5206177e+01
   4.8594095e+01   6.6335483e+01   8.5807738e+01   1.1077550e+02   1.3647887e+02   1.5954268e+02   1.8078907e+02   1.9126082e+02   1.8442389e+02   1.6430256e+02   1.3907517e+02   1.1358816e+02   9.2211946e+01   7.1484812e+01   5.3527066e+01
   6.8196165e+01   8.7452062e+01   1.0999661e+02   1.3301714e+02   1.5603767e+02   1.7477431e+02   1.8715001e+02   1.8567877e+02   1.6642287e+02   1.3864246e+02   1.0986679e+02   8.9485831e+01   6.7071101e+01   4.9502800e+01   3.6175123e+01
   8.6932802e+01   1.0843883e+02   1.2881979e+02   1.5058544e+02   1.6988461e+02   1.8187086e+02   1.8200068e+02   1.6637960e+02   1.3864246e+02   1.0692432e+02   8.7062617e+01   6.3609367e+01   4.4613100e+01   3.3708637e+01   2.6049550e+01
   1.0610216e+02   1.2401663e+02   1.4366197e+02   1.6205244e+02   1.7555320e+02   1.7525030e+02   1.6348040e+02   1.3924826e+02   1.0952062e+02   8.5331750e+01   5.9931274e+01   4.1713898e+01   3.3578822e+01   2.5963007e+01   2.1376209e+01
   1.1908366e+02   1.3626251e+02   1.5283557e+02   1.6599016e+02   1.6858646e+02   1.5936959e+02   1.3968098e+02   1.1315544e+02   8.4033599e+01   5.9022569e+01   4.2622603e+01   3.3838452e+01   2.6049550e+01   2.1549296e+01   1.8390463e+01
   1.2765145e+02   1.4162820e+02   1.5387409e+02   1.5949941e+02   1.5227304e+02   1.3708468e+02   1.1596810e+02   8.7365518e+01   6.1489055e+01   4.5651621e+01   3.4574071e+01   2.6914984e+01   2.1592567e+01   1.8390463e+01   1.3673850e+01
   1.3171899e+02   1.4128203e+02   1.4673426e+02   1.4353216e+02   1.3241134e+02   1.1544884e+02   9.0913796e+01   6.6378754e+01   4.9632615e+01   3.6867470e+01   2.8516036e+01   2.2025284e+01   1.8303920e+01   1.3327677e+01   9.5197692e+00
   1.2894960e+02   1.3418547e+02   1.3319023e+02   1.2522824e+02   1.1298235e+02   9.3423553e+01   7.1830986e+01   5.4262685e+01   4.1108094e+01   3.1198880e+01   2.2933989e+01   1.8001018e+01   1.3284405e+01   9.9524860e+00   7.4427287e+00
