   1.9173139e+02   2.0493528e+02   2.1373786e+02   2.2281553e+02   2.2721683e+02   2.3189320e+02   2.3629450e+02   2.3711974e+02   2.3684466e+02   2.3381877e+02   2.2584142e+02   2.0988673e+02   1.7990291e+02   1.2653722e+02   7.8673139e+01
   1.9558252e+02   2.1181230e+02   2.2061489e+02   2.2776699e+02   2.3326861e+02   2.3877023e+02   2.4152104e+02   2.4179612e+02   2.4042071e+02   2.3822006e+02   2.3244337e+02   2.2088997e+02   1.9145631e+02   1.5239482e+02   9.4627832e+01
   2.0025890e+02   2.1868932e+02   2.2749191e+02   2.3381877e+02   2.4042071e+02   2.4427184e+02   2.4427184e+02   2.4372168e+02   2.4372168e+02   2.4152104e+02   2.3684466e+02   2.2776699e+02   2.0163430e+02   1.6917476e+02   1.0865696e+02
   2.0466019e+02   2.2666667e+02   2.3409385e+02   2.4179612e+02   2.4564725e+02   2.4592233e+02   2.4564725e+02   2.4564725e+02   2.4537217e+02   2.4317152e+02   2.3904531e+02   2.3381877e+02   2.1126214e+02   1.7632686e+02   1.2928803e+02
   2.1236246e+02   2.3189320e+02   2.4069579e+02   2.4757282e+02   2.4757282e+02   2.4784790e+02   2.4784790e+02   2.4757282e+02   2.4619741e+02   2.4427184e+02   2.4152104e+02   2.3629450e+02   2.1896440e+02   1.8320388e+02   1.3974110e+02
   2.1621359e+02   2.3877023e+02   2.4729773e+02   2.4894822e+02   2.4949838e+02   2.4922330e+02   2.4894822e+02   2.4757282e+02   2.4674757e+02   2.4482201e+02   2.4207120e+02   2.3711974e+02   2.2309061e+02   1.8815534e+02   1.4496764e+02
   2.1923948e+02   2.4482201e+02   2.4977346e+02   2.5087379e+02   2.5087379e+02   2.5059871e+02   2.4949838e+02   2.4949838e+02   2.4702265e+02   2.4454693e+02   2.4207120e+02   2.3877023e+02   2.2501618e+02   1.9090615e+02   1.5074434e+02
   2.1841424e+02   2.4702265e+02   2.5224919e+02   2.5279935e+02   2.5224919e+02   2.5114887e+02   2.5059871e+02   2.4894822e+02   2.4647249e+02   2.4564725e+02   2.4344660e+02   2.3959547e+02   2.2529126e+02   1.9420712e+02   1.5487055e+02
   2.1731392e+02   2.4674757e+02   2.5279935e+02   2.5389968e+02   2.5252427e+02   2.5197411e+02   2.5087379e+02   2.4922330e+02   2.4702265e+02   2.4537217e+02   2.4427184e+02   2.3904531e+02   2.2639159e+02   1.9723301e+02   1.5734628e+02
   2.1071197e+02   2.4289644e+02   2.5279935e+02   2.5389968e+02   2.5307443e+02   2.5197411e+02   2.5032362e+02   2.4867314e+02   2.4729773e+02   2.4537217e+02   2.4454693e+02   2.3849515e+02   2.2584142e+02   1.9915858e+02   1.5899676e+02
   1.9998382e+02   2.3849515e+02   2.5004854e+02   2.5307443e+02   2.5307443e+02   2.5197411e+02   2.5087379e+02   2.4867314e+02   2.4729773e+02   2.4564725e+02   2.4427184e+02   2.3877023e+02   2.2446602e+02   1.9943366e+02   1.6257282e+02
   1.8870550e+02   2.3024272e+02   2.4454693e+02   2.5087379e+02   2.5252427e+02   2.5169903e+02   2.5032362e+02   2.4922330e+02   2.4729773e+02   2.4537217e+02   2.4317152e+02   2.3766990e+02   2.2116505e+02   1.9668285e+02   1.6504854e+02
   1.8127832e+02   2.1703883e+02   2.3849515e+02   2.4757282e+02   2.4949838e+02   2.5032362e+02   2.4977346e+02   2.4867314e+02   2.4702265e+02   2.4537217e+02   2.4207120e+02   2.3271845e+02   2.1703883e+02   1.9558252e+02   1.6697411e+02
   1.6834951e+02   2.0355987e+02   2.2914239e+02   2.4234628e+02   2.4702265e+02   2.4784790e+02   2.4784790e+02   2.4757282e+02   2.4674757e+02   2.4454693e+02   2.3987055e+02   2.2831715e+02   2.1153722e+02   1.9255663e+02   1.6559871e+02
   1.4744337e+02   1.9173139e+02   2.1428803e+02   2.3271845e+02   2.4042071e+02   2.4509709e+02   2.4454693e+02   2.4372168e+02   2.4427184e+02   2.4207120e+02   2.3464401e+02   2.2254045e+02   2.0713592e+02   1.8843042e+02   1.6367314e+02
