   1.7868339e+00   1.7398119e+00   1.6927900e+00   1.3636364e+00   1.6457680e+00   1.5987461e+00   1.9278997e+00   2.4451411e+00   3.5736677e+00   5.5956113e+00   1.0579937e+01   1.6551724e+01   2.6144201e+01   3.5454545e+01   4.4153605e+01
   1.7398119e+00   1.9749216e+00   1.7398119e+00   1.5987461e+00   1.8808777e+00   2.1630094e+00   2.3510972e+00   3.4326019e+00   5.3605016e+00   9.6865204e+00   1.6410658e+01   2.9200627e+01   4.2460815e+01   5.4404389e+01   6.1081505e+01
   2.0689655e+00   2.0219436e+00   2.1159875e+00   2.0689655e+00   2.3510972e+00   2.4921630e+00   2.9623824e+00   5.1724138e+00   9.3103448e+00   1.7257053e+01   3.3197492e+01   5.2053292e+01   6.7241379e+01   7.6645768e+01   7.9890282e+01
   2.7272727e+00   3.0564263e+00   2.6802508e+00   2.8213166e+00   2.7272727e+00   2.9153605e+00   4.7021944e+00   1.0109718e+01   2.0219436e+01   4.0062696e+01   6.5548589e+01   8.6191223e+01   9.7711599e+01   9.9780564e+01   9.8369906e+01
   3.9028213e+00   3.5736677e+00   3.4326019e+00   3.5266458e+00   4.1849530e+00   5.5015674e+00   1.3166144e+01   2.7178683e+01   4.8902821e+01   8.5203762e+01   1.1332288e+02   1.2658307e+02   1.2493730e+02   1.1520376e+02   1.0213166e+02
   5.1724138e+00   5.4545455e+00   5.0783699e+00   6.0658307e+00   9.1692790e+00   2.1865204e+01   3.8652038e+01   6.0893417e+01   1.1473354e+02   1.5489028e+02   1.6504702e+02   1.5042320e+02   1.2818182e+02   1.0429467e+02   8.1630094e+01
   8.4639498e+00   9.7335423e+00   1.3072100e+01   1.9749216e+01   3.5172414e+01   5.0501567e+01   6.9874608e+01   1.7148903e+02   2.1521944e+02   2.0821317e+02   1.6631661e+02   1.2568966e+02   9.2962382e+01   6.7147335e+01   4.8667712e+01
   1.9043887e+01   2.5109718e+01   3.5924765e+01   5.3322884e+01   7.8103448e+01   1.2907524e+02   2.4935737e+02   2.5500000e+02   2.3393417e+02   1.5766458e+02   1.0509404e+02   7.1708464e+01   4.6786834e+01   3.1081505e+01   2.1771160e+01
   4.1332288e+01   5.8260188e+01   8.0924765e+01   1.1652038e+02   1.6697492e+02   2.2824451e+02   2.4018809e+02   1.9739812e+02   1.1247649e+02   6.7006270e+01   4.5282132e+01   2.7931034e+01   1.7257053e+01   1.1332288e+01   8.3699060e+00
   7.8620690e+01   1.0208464e+02   1.3086207e+02   1.6288401e+02   1.9029781e+02   1.8258621e+02   1.2658307e+02   6.3244514e+01   4.0391850e+01   3.0564263e+01   1.6833856e+01   8.6520376e+00   5.3605016e+00   4.4200627e+00   3.8087774e+00
   1.0518809e+02   1.2376176e+02   1.3951411e+02   1.4619122e+02   1.2921630e+02   8.8918495e+01   5.0971787e+01   3.2774295e+01   2.2852665e+01   7.8056426e+00   4.0438871e+00   3.3385580e+00   2.5391850e+00   1.9278997e+00   1.9278997e+00
   1.0838558e+02   1.1393417e+02   1.1219436e+02   9.9263323e+01   7.0862069e+01   4.3166144e+01   2.5956113e+01   1.5047022e+01   5.4075235e+00   3.3385580e+00   3.0094044e+00   2.4921630e+00   1.6457680e+00   1.1755486e+00   1.1285266e+00
   9.2868339e+01   9.0188088e+01   7.9608150e+01   5.8072100e+01   3.7241379e+01   2.2664577e+01   1.2884013e+01   5.2664577e+00   3.2915361e+00   2.8213166e+00   2.4451411e+00   1.8808777e+00   1.4576803e+00   1.3166144e+00   9.4043887e-01
   7.4059561e+01   6.6394984e+01   4.8761755e+01   3.2962382e+01   2.1489028e+01   1.2366771e+01   5.9717868e+00   3.5266458e+00   2.5862069e+00   2.0219436e+00   1.5517241e+00   1.3636364e+00   1.3636364e+00   1.1755486e+00   7.9937304e-01
   5.4122257e+01   4.2178683e+01   3.0423197e+01   2.0783699e+01   1.3260188e+01   6.4420063e+00   3.9498433e+00   2.5862069e+00   1.9278997e+00   1.4106583e+00   1.1755486e+00   1.2225705e+00   1.2695925e+00   1.0344828e+00   8.9341693e-01
