   1.8338558e+00   1.5517241e+00   1.5047022e+00   1.2695925e+00   1.3636364e+00   1.3636364e+00   1.2695925e+00   1.4106583e+00   1.7398119e+00   2.4451411e+00   3.1034483e+00   4.2789969e+00   6.3949843e+00   8.6050157e+00   1.1144201e+01
   1.8338558e+00   1.6457680e+00   1.5987461e+00   1.5047022e+00   1.3636364e+00   1.4576803e+00   1.3636364e+00   1.6457680e+00   1.9278997e+00   2.8683386e+00   4.1379310e+00   6.0658307e+00   8.8401254e+00   1.1426332e+01   1.2931034e+01
   1.8808777e+00   1.5987461e+00   1.5517241e+00   1.5047022e+00   1.5987461e+00   1.3636364e+00   1.4576803e+00   1.9749216e+00   2.4451411e+00   3.8557994e+00   5.9247649e+00   8.6990596e+00   1.2084639e+01   1.4576803e+01   1.6363636e+01
   2.0219436e+00   1.6457680e+00   1.7868339e+00   1.7868339e+00   1.6927900e+00   1.7398119e+00   1.7398119e+00   2.1630094e+00   3.8557994e+00   5.8777429e+00   9.1692790e+00   1.2931034e+01   1.4952978e+01   1.6316614e+01   1.7210031e+01
   2.2100313e+00   2.1159875e+00   2.0689655e+00   2.0689655e+00   1.7868339e+00   2.0689655e+00   2.3040752e+00   3.9498433e+00   6.5830721e+00   9.8275862e+00   1.4388715e+01   1.5940439e+01   1.6692790e+01   1.7492163e+01   1.6927900e+01
   3.3385580e+00   2.9623824e+00   2.7272727e+00   2.5391850e+00   2.8683386e+00   3.3385580e+00   5.0313480e+00   7.8526646e+00   1.1520376e+01   1.6081505e+01   1.6692790e+01   1.7351097e+01   1.6739812e+01   1.5329154e+01   1.3730408e+01
   4.4670846e+00   4.4200627e+00   4.7962382e+00   4.7962382e+00   5.4075235e+00   6.6771160e+00   9.2163009e+00   1.2413793e+01   1.7680251e+01   1.7257053e+01   1.6034483e+01   1.4717868e+01   1.3025078e+01   1.1426332e+01   1.0156740e+01
   5.8777429e+00   6.5830721e+00   7.2884013e+00   8.1818182e+00   9.6394984e+00   1.1614420e+01   1.4576803e+01   1.9090909e+01   1.5705329e+01   1.2789969e+01   1.1050157e+01   9.9686520e+00   8.6520376e+00   8.0407524e+00   7.2884013e+00
   9.7335423e+00   1.0909091e+01   1.1755486e+01   1.2931034e+01   1.4764890e+01   1.6457680e+01   1.7774295e+01   1.3166144e+01   1.1144201e+01   9.5924765e+00   8.0877743e+00   6.8181818e+00   6.2539185e+00   5.5485893e+00   4.7021944e+00
   1.4435737e+01   1.5799373e+01   1.7351097e+01   1.7633229e+01   1.7915361e+01   1.6927900e+01   1.2131661e+01   9.7805643e+00   8.2758621e+00   6.0658307e+00   5.2194357e+00   4.7021944e+00   4.2319749e+00   3.9028213e+00   3.8087774e+00
   1.9749216e+01   2.0501567e+01   2.0501567e+01   1.9090909e+01   1.6081505e+01   1.1661442e+01   9.0752351e+00   6.8652038e+00   4.6081505e+00   3.8557994e+00   3.6677116e+00   3.4326019e+00   3.4326019e+00   3.4326019e+00   2.7742947e+00
   2.1771160e+01   2.0736677e+01   1.9326019e+01   1.5705329e+01   1.1567398e+01   8.8871473e+00   6.5830721e+00   4.7962382e+00   3.8557994e+00   3.6677116e+00   3.4796238e+00   3.2915361e+00   3.1974922e+00   2.8213166e+00   2.1630094e+00
   2.0172414e+01   1.9514107e+01   1.6316614e+01   1.1849530e+01   8.8871473e+00   6.6771160e+00   5.1253918e+00   4.0909091e+00   3.6677116e+00   3.6206897e+00   3.1974922e+00   2.9623824e+00   2.4451411e+00   2.0219436e+00   1.7398119e+00
   1.7774295e+01   1.5799373e+01   1.2884013e+01   9.6394984e+00   6.6771160e+00   5.2664577e+00   4.4200627e+00   3.9028213e+00   3.5266458e+00   3.2915361e+00   2.7272727e+00   2.3510972e+00   1.7398119e+00   1.5987461e+00   1.2695925e+00
   1.5235110e+01   1.3542320e+01   1.0626959e+01   7.5235110e+00   5.8777429e+00   4.4670846e+00   3.6206897e+00   3.2445141e+00   2.7272727e+00   2.4451411e+00   2.0689655e+00   1.6457680e+00   1.6927900e+00   1.3166144e+00   1.0344828e+00
