   1.1551529e+00   1.1551529e+00   1.1551529e+00   1.4439411e+00   1.4439411e+00   1.7327293e+00   1.4439411e+00   2.3103058e+00   2.3103058e+00   2.5990940e+00   2.5990940e+00   3.7542469e+00   4.6206116e+00   4.0430351e+00   3.7542469e+00
   1.1551529e+00   1.1551529e+00   1.1551529e+00   1.4439411e+00   2.0215176e+00   1.7327293e+00   1.7327293e+00   2.5990940e+00   3.1766704e+00   2.5990940e+00   4.0430351e+00   4.3318233e+00   4.3318233e+00   4.9093998e+00   5.4869762e+00
   1.1551529e+00   1.1551529e+00   1.1551529e+00   1.1551529e+00   2.3103058e+00   2.3103058e+00   2.0215176e+00   3.4654587e+00   3.4654587e+00   3.7542469e+00   4.9093998e+00   4.6206116e+00   6.3533409e+00   6.6421291e+00   5.4869762e+00
   1.1551529e+00   1.1551529e+00   1.1551529e+00   1.1551529e+00   2.0215176e+00   2.5990940e+00   3.1766704e+00   4.0430351e+00   5.4869762e+00   5.4869762e+00   6.3533409e+00   8.9524349e+00   8.6636467e+00   7.7972820e+00   5.4869762e+00
   8.6636467e-01   8.6636467e-01   8.6636467e-01   8.6636467e-01   1.4439411e+00   2.5990940e+00   4.0430351e+00   6.9309173e+00   7.5084938e+00   9.8187995e+00   1.2706682e+01   1.2995470e+01   1.1840317e+01   1.0107588e+01   1.0107588e+01
   2.5990940e+00   2.5990940e+00   2.0215176e+00   1.7327293e+00   2.0215176e+00   4.6206116e+00   8.6636467e+00   1.1551529e+01   1.6172140e+01   1.8482446e+01   1.9060023e+01   1.5016988e+01   1.2706682e+01   1.2706682e+01   1.2706682e+01
   1.0685164e+01   1.0973952e+01   1.2995470e+01   1.5016988e+01   1.5883352e+01   1.7904870e+01   2.3103058e+01   3.0900340e+01   2.9167610e+01   2.6568516e+01   2.0503964e+01   1.9060023e+01   1.7904870e+01   1.6460929e+01   1.4150623e+01
   1.9348811e+01   2.1659117e+01   2.2814270e+01   2.4835787e+01   2.8590034e+01   3.4943375e+01   4.9960362e+01   5.1693092e+01   4.2740657e+01   3.0611552e+01   2.4835787e+01   2.1081540e+01   1.8193658e+01   1.6172140e+01   1.4728199e+01
   1.8771234e+01   1.9637599e+01   2.1370328e+01   2.3969422e+01   2.8301246e+01   3.3788222e+01   3.6964892e+01   3.6964892e+01   2.3680634e+01   1.9060023e+01   1.7904870e+01   1.4150623e+01   1.1262741e+01   9.5300113e+00   8.6636467e+00
   1.6172140e+01   1.7327293e+01   1.8771234e+01   2.1659117e+01   2.3391846e+01   2.2236693e+01   1.9926387e+01   1.5305776e+01   1.0396376e+01   6.6421291e+00   4.9093998e+00   5.1981880e+00   5.7757644e+00   6.0645527e+00   6.6421291e+00
   1.5305776e+01   1.5594564e+01   1.7038505e+01   1.6172140e+01   1.4439411e+01   1.0685164e+01   7.2197055e+00   5.4869762e+00   3.1766704e+00   2.5990940e+00   1.1551529e+00   2.0215176e+00   2.5990940e+00   2.3103058e+00   2.3103058e+00
   1.0685164e+01   1.1262741e+01   1.0973952e+01   9.8187995e+00   5.4869762e+00   3.1766704e+00   4.0430351e+00   4.0430351e+00   2.0215176e+00   2.3103058e+00   1.7327293e+00   2.8878822e-01   2.8878822e-01   5.7757644e-01   5.7757644e-01
   7.2197055e+00   7.2197055e+00   5.7757644e+00   4.0430351e+00   2.3103058e+00   2.8878822e+00   3.4654587e+00   2.8878822e+00   1.1551529e+00   2.3103058e+00   2.3103058e+00   1.1551529e+00   2.8878822e-01   2.8878822e-01   2.8878822e-01
   4.9093998e+00   4.0430351e+00   3.7542469e+00   2.5990940e+00   1.7327293e+00   3.1766704e+00   3.1766704e+00   1.7327293e+00   8.6636467e-01   1.7327293e+00   2.0215176e+00   2.0215176e+00   8.6636467e-01   2.8878822e-01   2.8878822e-01
   3.1766704e+00   3.4654587e+00   2.5990940e+00   2.0215176e+00   2.0215176e+00   3.1766704e+00   2.8878822e+00   5.7757644e-01   8.6636467e-01   8.6636467e-01   2.0215176e+00   2.0215176e+00   1.7327293e+00   5.7757644e-01   2.8878822e-01
