   1.4269726e-01   9.5131505e-02   7.1348629e-02   2.3782876e-02   2.3782876e-02   2.3782876e-02   2.3782876e-02   2.3782876e-02   4.7565753e-02   0.0000000e+00   0.0000000e+00   2.3782876e-02   4.7565753e-02   7.1348629e-02   1.1891438e-01
   1.6648013e-01   9.5131505e-02   7.1348629e-02   2.3782876e-02   0.0000000e+00   0.0000000e+00   2.3782876e-02   2.3782876e-02   0.0000000e+00   2.3782876e-02   4.7565753e-02   4.7565753e-02   7.1348629e-02   1.4269726e-01   1.4269726e-01
   1.6648013e-01   9.5131505e-02   2.3782876e-02   2.3782876e-02   4.7565753e-02   4.7565753e-02   0.0000000e+00   2.3782876e-02   4.7565753e-02   4.7565753e-02   7.1348629e-02   9.5131505e-02   7.1348629e-02   9.5131505e-02   9.5131505e-02
   2.6161164e-01   1.4269726e-01   7.1348629e-02   7.1348629e-02   7.1348629e-02   2.3782876e-02   4.7565753e-02   7.1348629e-02   4.7565753e-02   7.1348629e-02   7.1348629e-02   9.5131505e-02   7.1348629e-02   2.3782876e-02   7.1348629e-02
   2.6161164e-01   1.4269726e-01   7.1348629e-02   9.5131505e-02   4.7565753e-02   4.7565753e-02   7.1348629e-02   4.7565753e-02   4.7565753e-02   7.1348629e-02   7.1348629e-02   2.3782876e-02   2.3782876e-02   0.0000000e+00   2.3782876e-02
   2.6161164e-01   1.1891438e-01   4.7565753e-02   2.3782876e-02   2.3782876e-02   4.7565753e-02   4.7565753e-02   4.7565753e-02   7.1348629e-02   2.3782876e-02   2.3782876e-02   0.0000000e+00   2.3782876e-02   4.7565753e-02   7.1348629e-02
   2.8539452e-01   9.5131505e-02   2.3782876e-02   0.0000000e+00   2.3782876e-02   2.3782876e-02   2.3782876e-02   2.3782876e-02   4.7565753e-02   0.0000000e+00   0.0000000e+00   2.3782876e-02   4.7565753e-02   4.7565753e-02   9.5131505e-02
   3.5674314e-01   1.9026301e-01   7.1348629e-02   2.3782876e-02   2.3782876e-02   0.0000000e+00   2.3782876e-02   0.0000000e+00   0.0000000e+00   0.0000000e+00   0.0000000e+00   0.0000000e+00   0.0000000e+00   0.0000000e+00   4.7565753e-02
   3.3296027e-01   2.6161164e-01   1.9026301e-01   7.1348629e-02   2.3782876e-02   2.3782876e-02   0.0000000e+00   0.0000000e+00   0.0000000e+00   0.0000000e+00   0.0000000e+00   0.0000000e+00   0.0000000e+00   2.3782876e-02   2.3782876e-02
   4.0430890e-01   1.6648013e-01   7.1348629e-02   4.7565753e-02   4.7565753e-02   2.3782876e-02   0.0000000e+00   0.0000000e+00   0.0000000e+00   0.0000000e+00   0.0000000e+00   0.0000000e+00   0.0000000e+00   2.3782876e-02   7.1348629e-02
   1.9026301e-01   9.5131505e-02   4.7565753e-02   4.7565753e-02   4.7565753e-02   2.3782876e-02   0.0000000e+00   0.0000000e+00   0.0000000e+00   0.0000000e+00   0.0000000e+00   0.0000000e+00   0.0000000e+00   0.0000000e+00   2.3782876e-02
   9.5131505e-02   2.3782876e-02   2.3782876e-02   2.3782876e-02   2.3782876e-02   2.3782876e-02   0.0000000e+00   0.0000000e+00   0.0000000e+00   0.0000000e+00   0.0000000e+00   0.0000000e+00   0.0000000e+00   0.0000000e+00   0.0000000e+00
   4.7565753e-02   2.3782876e-02   0.0000000e+00   0.0000000e+00   2.3782876e-02   2.3782876e-02   0.0000000e+00   0.0000000e+00   0.0000000e+00   0.0000000e+00   0.0000000e+00   0.0000000e+00   0.0000000e+00   0.0000000e+00   2.3782876e-02
   4.7565753e-02   2.3782876e-02   0.0000000e+00   0.0000000e+00   0.0000000e+00   0.0000000e+00   0.0000000e+00   0.0000000e+00   0.0000000e+00   0.0000000e+00   0.0000000e+00   2.3782876e-02   0.0000000e+00   0.0000000e+00   2.3782876e-02
   4.7565753e-02   2.3782876e-02   0.0000000e+00   0.0000000e+00   0.0000000e+00   0.0000000e+00   2.3782876e-02   0.0000000e+00   0.0000000e+00   0.0000000e+00   0.0000000e+00   0.0000000e+00   2.3782876e-02   0.0000000e+00   2.3782876e-02
