   8.9139657e+00   1.2678602e+01   1.7568301e+01   2.1592567e+01   2.8948753e+01   4.0805193e+01   5.8892754e+01   8.4033599e+01   1.1462668e+02   1.4089258e+02   1.6568726e+02   1.8658748e+02   1.9857373e+02   1.9805447e+02   1.8991940e+02
   1.2981503e+01   1.6443238e+01   2.1289666e+01   2.7650602e+01   3.6651111e+01   5.2964534e+01   7.9187171e+01   1.1337180e+02   1.4669099e+02   1.7550993e+02   1.9779484e+02   2.1025708e+02   2.1168505e+02   2.0493467e+02   1.9035211e+02
   1.6486509e+01   2.1592567e+01   2.5876464e+01   3.4963516e+01   4.8507551e+01   7.3432038e+01   1.1151111e+02   1.5240285e+02   1.8347192e+02   2.0618955e+02   2.1994994e+02   2.2406075e+02   2.1839216e+02   2.0411251e+02   1.8256321e+02
   2.0813677e+01   2.4967758e+01   3.3751909e+01   4.7339216e+01   6.9061599e+01   1.1068895e+02   1.5499915e+02   1.8905396e+02   2.1397845e+02   2.2834465e+02   2.3280163e+02   2.2838792e+02   2.1705074e+02   1.9506873e+02   1.7083659e+02
   2.4837943e+01   3.2626845e+01   4.8810453e+01   6.7893263e+01   1.1185729e+02   1.5300865e+02   1.9134736e+02   2.2051247e+02   2.3479213e+02   2.3898948e+02   2.3695571e+02   2.2683014e+02   2.0843967e+02   1.8109197e+02   1.5616749e+02
   3.3708637e+01   5.1060580e+01   7.2004073e+01   1.1177074e+02   1.4534957e+02   1.9247242e+02   2.2553199e+02   2.3855676e+02   2.4439844e+02   2.4271084e+02   2.3561429e+02   2.1977685e+02   1.9381385e+02   1.6300441e+02   1.3582980e+02
   5.4176141e+01   7.7932293e+01   1.0856864e+02   1.4296962e+02   1.8459698e+02   2.2492618e+02   2.3989818e+02   2.5036993e+02   2.4915832e+02   2.4262430e+02   2.2990243e+02   2.0601646e+02   1.7209146e+02   1.4020024e+02   1.1250636e+02
   8.1523842e+01   1.0835228e+02   1.3985406e+02   1.7602919e+02   2.1718055e+02   2.3578737e+02   2.5387494e+02   2.5500000e+02   2.5002376e+02   2.3816732e+02   2.1622858e+02   1.8234685e+02   1.4361870e+02   1.1185729e+02   8.5461565e+01
   1.0900136e+02   1.3557017e+02   1.6958171e+02   2.0519430e+02   2.3128712e+02   2.4509079e+02   2.5179790e+02   2.5097573e+02   2.4374936e+02   2.2198371e+02   1.9342440e+02   1.4703716e+02   1.1060241e+02   8.2302732e+01   5.8806211e+01
   1.3094010e+02   1.6001867e+02   1.9351095e+02   2.2176735e+02   2.3868658e+02   2.4586968e+02   2.4595622e+02   2.3998473e+02   2.2518581e+02   1.9982861e+02   1.5482606e+02   1.0753012e+02   7.9014085e+01   5.3094349e+01   3.7905990e+01
   1.5145087e+02   1.8308247e+02   2.0943492e+02   2.2946971e+02   2.3898948e+02   2.3924911e+02   2.3371033e+02   2.2111828e+02   2.0052096e+02   1.5885033e+02   1.0376548e+02   7.7499576e+01   4.8507551e+01   3.4574071e+01   2.6006279e+01
   1.7075004e+02   1.9628033e+02   2.1631512e+02   2.2882063e+02   2.3089768e+02   2.2596470e+02   2.1393518e+02   1.9364076e+02   1.5655693e+02   1.1064568e+02   7.6590871e+01   4.5565077e+01   3.3622094e+01   2.5703377e+01   2.0943492e+01
   1.8156796e+02   2.0121330e+02   2.1687765e+02   2.2111828e+02   2.1748345e+02   2.0618955e+02   1.8598167e+02   1.5508569e+02   1.1808841e+02   7.6461055e+01   4.8334465e+01   3.4790429e+01   2.6785169e+01   2.0554047e+01   1.7914475e+01
   1.8632785e+02   2.0199219e+02   2.0913202e+02   2.0670881e+02   1.9731885e+02   1.7905820e+02   1.5244612e+02   1.2025199e+02   8.2605634e+01   5.3483794e+01   3.6824198e+01   2.8429493e+01   2.1073307e+01   1.7568301e+01   1.2678602e+01
   1.8693365e+02   1.9506873e+02   1.9511200e+02   1.8693365e+02   1.7079331e+02   1.4803241e+02   1.2129051e+02   9.0481079e+01   6.2008315e+01   4.1367724e+01   3.0506533e+01   2.2458001e+01   1.7741388e+01   1.2678602e+01   9.6063126e+00
