   6.0147633e+00   8.4379773e+00   1.1899712e+01   1.6832683e+01   2.1462752e+01   2.8256406e+01   3.7473273e+01   4.9675887e+01   6.5729679e+01   8.2995079e+01   1.0030375e+02   1.1220346e+02   1.2051162e+02   1.2120397e+02   1.1717970e+02
   9.0870524e+00   1.2375700e+01   1.6140336e+01   2.0640591e+01   2.6612082e+01   3.4876973e+01   4.6517054e+01   6.4431529e+01   8.3254709e+01   1.0402511e+02   1.1925675e+02   1.3011794e+02   1.3262769e+02   1.2864670e+02   1.2116070e+02
   1.2462243e+01   1.5837434e+01   2.0813677e+01   2.5573562e+01   3.2497030e+01   4.4223655e+01   6.1445783e+01   8.2778721e+01   1.0688105e+02   1.2561768e+02   1.3803665e+02   1.4348889e+02   1.4028678e+02   1.3106991e+02   1.2025199e+02
   1.5664348e+01   2.0597319e+01   2.4664857e+01   3.0982522e+01   4.3098592e+01   5.8719667e+01   8.2692177e+01   1.0895809e+02   1.3063720e+02   1.4664772e+02   1.5378754e+02   1.5123452e+02   1.4162820e+02   1.2760818e+02   1.1454013e+02
   1.8996267e+01   2.4621585e+01   3.0290175e+01   4.4050568e+01   5.8503309e+01   8.1956559e+01   1.1016969e+02   1.3626251e+02   1.5279230e+02   1.6192262e+02   1.6123027e+02   1.5171050e+02   1.3569998e+02   1.1921347e+02   1.0354913e+02
   2.4059053e+01   3.0939250e+01   4.4093840e+01   5.9801459e+01   8.1220940e+01   1.1328525e+02   1.3898863e+02   1.5621076e+02   1.6633633e+02   1.6776430e+02   1.6019175e+02   1.4318598e+02   1.2380027e+02   1.0536654e+02   8.8836755e+01
   3.1242152e+01   4.5175632e+01   6.3436280e+01   8.4769218e+01   1.1376124e+02   1.3769048e+02   1.5625403e+02   1.6698541e+02   1.7122603e+02   1.6663923e+02   1.5028254e+02   1.2799762e+02   1.0722722e+02   8.8317495e+01   6.9104870e+01
   4.7642118e+01   6.6465298e+01   8.6716443e+01   1.1086204e+02   1.3435856e+02   1.5348464e+02   1.6568726e+02   1.7235109e+02   1.6966825e+02   1.5677329e+02   1.3128627e+02   1.0882827e+02   8.8057865e+01   6.6898015e+01   5.0800950e+01
   6.8412523e+01   8.7452062e+01   1.0813592e+02   1.2994485e+02   1.4950365e+02   1.6399966e+02   1.7092313e+02   1.6984134e+02   1.6101391e+02   1.3730104e+02   1.0861191e+02   8.7149160e+01   6.5599864e+01   4.8247921e+01   3.7083828e+01
   8.7711692e+01   1.0597234e+02   1.2501188e+02   1.4448413e+02   1.5954268e+02   1.6763448e+02   1.6772102e+02   1.5975904e+02   1.4193110e+02   1.0714068e+02   8.5634651e+01   6.4604616e+01   4.4613100e+01   3.3449007e+01   2.5227388e+01
   1.0277024e+02   1.1999236e+02   1.3751739e+02   1.5322501e+02   1.6291787e+02   1.6408620e+02   1.5707619e+02   1.4011369e+02   1.1263618e+02   8.6283726e+01   6.4085356e+01   4.1540811e+01   3.1631597e+01   2.4967758e+01   2.0294417e+01
   1.1449686e+02   1.3011794e+02   1.4656117e+02   1.5634057e+02   1.5962922e+02   1.5361446e+02   1.3916172e+02   1.1648736e+02   8.9788732e+01   6.2614118e+01   4.2709146e+01   3.2453759e+01   2.5227388e+01   2.0164602e+01   1.7525030e+01
   1.2354064e+02   1.3682505e+02   1.4881130e+02   1.5261921e+02   1.4842186e+02   1.3608943e+02   1.1687680e+02   9.2644663e+01   6.5470049e+01   4.5521806e+01   3.3622094e+01   2.6568810e+01   2.0597319e+01   1.7568301e+01   1.4106567e+01
   1.2838707e+02   1.3898863e+02   1.4444086e+02   1.4193110e+02   1.3163245e+02   1.1510266e+02   9.5240964e+01   7.1744443e+01   5.0498049e+01   3.6564568e+01   2.8429493e+01   2.1765654e+01   1.7525030e+01   1.4020024e+01   9.6928559e+00
   1.2856016e+02   1.3370949e+02   1.3319023e+02   1.2566095e+02   1.1332853e+02   9.6712201e+01   7.7283217e+01   5.7334974e+01   4.0675378e+01   3.0766163e+01   2.3063805e+01   1.7654845e+01   1.3760394e+01   9.7361276e+00   7.0965552e+00
