   3.2312839e-01   3.1020325e-01   3.7482893e-01   3.6190380e-01   3.8775407e-01   4.5237975e-01   5.4285569e-01   9.8231030e-01   3.8129150e+00   1.2912210e+01   3.5621674e+01   6.1252218e+01   7.4526332e+01   8.2074611e+01   7.8584824e+01
   3.3605353e-01   3.3605353e-01   3.4897866e-01   3.6190380e-01   3.6190380e-01   4.1360434e-01   5.6870597e-01   1.7707436e+00   7.4836535e+00   2.7440063e+01   6.0179431e+01   8.3095697e+01   9.6421511e+01   9.2104516e+01   7.9463734e+01
   3.6190380e-01   3.7482893e-01   4.0067920e-01   3.3605353e-01   3.8775407e-01   5.0408029e-01   8.6598408e-01   3.6965888e+00   1.7591110e+01   5.4363120e+01   9.1122206e+01   1.1361194e+02   1.0921740e+02   9.2117441e+01   6.7844037e+01
   4.9115515e-01   4.0067920e-01   3.7482893e-01   3.8775407e-01   4.2652947e-01   5.6870597e-01   1.8741447e+00   9.9006539e+00   4.3402605e+01   9.5723554e+01   1.3484794e+02   1.3169421e+02   1.0698135e+02   7.3854225e+01   5.0240002e+01
   4.6530488e-01   4.3945461e-01   4.6530488e-01   4.7823002e-01   5.2993056e-01   1.1244868e+00   5.5836586e+00   2.9029855e+01   9.4030361e+01   1.5914719e+02   1.6056896e+02   1.2426225e+02   7.7680065e+01   4.7137969e+01   2.6767956e+01
   4.6530488e-01   4.6530488e-01   4.6530488e-01   5.6870597e-01   8.5305895e-01   4.9374018e+00   1.6893152e+01   8.1867809e+01   1.8671651e+02   1.9714709e+02   1.4412819e+02   7.8416798e+01   4.1205332e+01   1.9943484e+01   9.3965736e+00
   4.3945461e-01   4.9115515e-01   4.7823002e-01   8.7890922e-01   4.9115515e+00   1.3299965e+01   5.6973998e+01   2.1640555e+02   2.3441026e+02   1.6286963e+02   7.5431091e+01   3.2778144e+01   1.3429216e+01   5.3380810e+00   2.6755031e+00
   6.2040651e-01   7.7550814e-01   1.6156419e+00   5.8033859e+00   1.6776826e+01   5.2282173e+01   2.4745172e+02   2.5500000e+02   1.8811242e+02   6.8516144e+01   2.2851640e+01   7.8584824e+00   2.9857063e+00   1.5897917e+00   1.0210857e+00
   1.7190430e+00   3.4639363e+00   9.9782047e+00   2.7297886e+01   7.2277358e+01   2.0508313e+02   2.4460819e+02   1.9271377e+02   5.5539308e+01   1.4786355e+01   5.1054286e+00   1.9904709e+00   9.4353490e-01   6.9795732e-01   5.8163110e-01
   7.6129049e+00   1.7707436e+01   3.8672006e+01   8.1622231e+01   1.6788459e+02   2.2313954e+02   1.7889680e+02   5.3419585e+01   1.5962542e+01   4.9374018e+00   1.7578184e+00   6.8503219e-01   5.2993056e-01   4.9115515e-01   4.6530488e-01
   2.4661159e+01   4.6776066e+01   8.2837194e+01   1.3961731e+02   1.8367910e+02   1.5604516e+02   7.0726342e+01   2.2076132e+01   5.8938618e+00   1.9775457e+00   6.2040651e-01   5.1700542e-01   4.7823002e-01   4.2652947e-01   3.6190380e-01
   5.0614831e+01   7.7925642e+01   1.1693370e+02   1.4730777e+02   1.3833773e+02   8.1518830e+01   3.0593796e+01   8.5435146e+00   2.3265244e+00   7.3673273e-01   5.4285569e-01   4.1360434e-01   4.1360434e-01   3.7482893e-01   2.9727812e-01
   7.1307973e+01   9.9277966e+01   1.1954458e+02   1.2032009e+02   8.5280045e+01   4.0972680e+01   1.3661868e+01   3.5285620e+00   1.0210857e+00   5.2993056e-01   4.1360434e-01   3.1020325e-01   3.2312839e-01   3.1020325e-01   2.3265244e-01
   8.5357595e+01   9.9329667e+01   1.0364666e+02   8.3987531e+01   5.0252927e+01   2.0589741e+01   5.9326372e+00   1.5510163e+00   6.2040651e-01   4.2652947e-01   2.8435298e-01   2.4557758e-01   2.5850271e-01   2.3265244e-01   1.6802676e-01
   8.4220183e+01   8.8718131e+01   7.7990268e+01   5.5810735e+01   2.8486999e+01   1.0146231e+01   2.8435298e+00   8.9183436e-01   4.5237975e-01   2.9727812e-01   2.3265244e-01   2.4557758e-01   2.1972730e-01   1.8095190e-01   1.5510163e-01
