   4.4632029e+00   7.4152426e+00   1.1175579e+01   1.4971058e+01   1.6271362e+01   1.7185088e+01   1.9363975e+01   1.8871968e+01   1.3389609e+01   7.6963892e+00   4.6740628e+00   3.2331863e+00   2.0383131e+00   1.7571665e+00   2.0734564e+00
   2.8114664e+00   4.3577729e+00   8.8209757e+00   1.4373622e+01   1.6693082e+01   1.8063671e+01   2.0945424e+01   1.9855981e+01   1.2862459e+01   6.8529493e+00   3.6549063e+00   2.2140298e+00   1.6517365e+00   1.6868798e+00   2.0031698e+00
   2.0031698e+00   2.6006064e+00   5.5175028e+00   1.0964719e+01   1.6657938e+01   1.8731395e+01   2.1367144e+01   2.1542861e+01   1.2300165e+01   5.9392227e+00   2.6357497e+00   1.4760198e+00   1.5111632e+00   1.5814498e+00   2.0383131e+00
   1.6165932e+00   1.5463065e+00   2.8114664e+00   6.4312293e+00   1.3249035e+01   1.8344818e+01   2.1929438e+01   2.2843164e+01   1.1808159e+01   4.8849228e+00   1.8977398e+00   1.2651599e+00   1.4408765e+00   1.3705899e+00   2.1085998e+00
   1.5463065e+00   1.3354465e+00   1.6517365e+00   2.9871830e+00   8.2586825e+00   1.5392778e+01   2.1894294e+01   2.2878308e+01   1.0999862e+01   3.5143330e+00   1.6165932e+00   1.2651599e+00   1.4057332e+00   1.4408765e+00   1.9680265e+00
   1.6517365e+00   1.3705899e+00   1.2651599e+00   1.6165932e+00   4.1117696e+00   1.0824146e+01   1.8555678e+01   2.0101985e+01   9.5238423e+00   3.0223264e+00   1.4760198e+00   1.3003032e+00   1.2651599e+00   1.8274531e+00   2.2491731e+00
   1.5814498e+00   1.1597299e+00   1.1245865e+00   1.1948732e+00   2.1437431e+00   7.0989526e+00   1.2370452e+01   1.5146775e+01   7.9072492e+00   3.4089030e+00   1.3003032e+00   1.2300165e+00   1.2300165e+00   1.7923098e+00   2.5654631e+00
   1.3705899e+00   1.1597299e+00   9.4886990e-01   1.2300165e+00   1.4057332e+00   5.6580761e+00   8.9615491e+00   1.1597299e+01   7.3449559e+00   4.0414829e+00   1.0542999e+00   1.1597299e+00   1.4057332e+00   2.1085998e+00   2.5654631e+00
   1.4760198e+00   1.1245865e+00   1.2651599e+00   1.5463065e+00   1.8977398e+00   4.9200662e+00   8.5398291e+00   1.2651599e+01   7.9423925e+00   4.6037762e+00   1.4408765e+00   9.1372657e-01   1.3354465e+00   2.0031698e+00   2.7411797e+00
   1.3003032e+00   1.0542999e+00   1.0542999e+00   1.2300165e+00   1.9328831e+00   4.0766262e+00   9.6644157e+00   1.4197905e+01   1.0367282e+01   5.5526461e+00   2.4248897e+00   1.0542999e+00   1.3705899e+00   1.7220232e+00   2.5303197e+00
   1.3354465e+00   1.0542999e+00   1.0542999e+00   1.2651599e+00   2.2140298e+00   4.7092062e+00   1.0578142e+01   1.5919928e+01   1.1878445e+01   7.3449559e+00   3.5846196e+00   1.7220232e+00   1.4408765e+00   1.5463065e+00   2.3546031e+00
   1.2651599e+00   1.0542999e+00   1.1245865e+00   1.5111632e+00   2.4951764e+00   4.9903528e+00   1.1913589e+01   1.6974228e+01   1.3284179e+01   9.3481257e+00   5.2363561e+00   2.7060364e+00   1.7923098e+00   1.7571665e+00   2.2140298e+00
   1.3003032e+00   1.0894432e+00   1.2651599e+00   1.5814498e+00   3.2331863e+00   6.1149394e+00   1.2405595e+01   1.7641951e+01   1.3565325e+01   1.0894432e+01   7.2395259e+00   4.0063396e+00   2.6708931e+00   2.2140298e+00   2.3546031e+00
   1.3705899e+00   1.3705899e+00   1.1245865e+00   2.0734564e+00   4.0766262e+00   7.2395259e+00   1.3495039e+01   1.7993385e+01   1.4197905e+01   1.2300165e+01   9.3832690e+00   5.8337927e+00   3.7251929e+00   3.1628997e+00   2.9871830e+00
   1.6517365e+00   1.5814498e+00   1.5111632e+00   2.5654631e+00   4.8146362e+00   8.5046858e+00   1.3881615e+01   1.7431092e+01   1.4935915e+01   1.3108462e+01   1.0929576e+01   7.4855292e+00   4.6037762e+00   4.1117696e+00   3.7954796e+00
