   1.7616653e+02   1.8373454e+02   1.9571723e+02   2.0328524e+02   2.0769992e+02   2.1001237e+02   2.0727947e+02   2.0118302e+02   1.9866035e+02   1.9676834e+02   1.9466612e+02   1.9109233e+02   1.8247321e+02   1.6985985e+02   1.6187139e+02
   1.9025144e+02   2.0139324e+02   2.0727947e+02   2.1715993e+02   2.2535862e+02   2.3124485e+02   2.3818219e+02   2.4364798e+02   2.4175598e+02   2.3187552e+02   2.2031327e+02   2.1211459e+02   2.0370569e+02   1.9739901e+02   1.8646744e+02
   2.0328524e+02   2.1211459e+02   2.2031327e+02   2.2830173e+02   2.3481863e+02   2.4196620e+02   2.4848310e+02   2.5310800e+02   2.5415911e+02   2.5331822e+02   2.4869332e+02   2.4133553e+02   2.2914262e+02   2.1589860e+02   2.0412613e+02
   2.1421682e+02   2.2367683e+02   2.3040396e+02   2.3839242e+02   2.4490932e+02   2.5079555e+02   2.5352844e+02   2.5415911e+02   2.5436933e+02   2.5394889e+02   2.5310800e+02   2.5016488e+02   2.4617065e+02   2.4154575e+02   2.3061418e+02
   2.2661995e+02   2.3418796e+02   2.4154575e+02   2.4553998e+02   2.4911377e+02   2.5142622e+02   2.5184666e+02   2.5310800e+02   2.5310800e+02   2.5352844e+02   2.5331822e+02   2.5268755e+02   2.5016488e+02   2.4764221e+02   2.4238664e+02
   2.3650041e+02   2.4217642e+02   2.4575021e+02   2.4701154e+02   2.4869332e+02   2.4869332e+02   2.5037510e+02   2.5121599e+02   2.5163644e+02   2.5163644e+02   2.5205688e+02   2.5184666e+02   2.5079555e+02   2.4848310e+02   2.4553998e+02
   2.3565952e+02   2.4028442e+02   2.4259687e+02   2.4385820e+02   2.4427865e+02   2.4469909e+02   2.4490932e+02   2.4596043e+02   2.4659110e+02   2.4659110e+02   2.4638087e+02   2.4638087e+02   2.4596043e+02   2.4406843e+02   2.4196620e+02
   2.3692086e+02   2.3860264e+02   2.4007420e+02   2.4007420e+02   2.4091509e+02   2.4091509e+02   2.4154575e+02   2.4133553e+02   2.4217642e+02   2.4238664e+02   2.4217642e+02   2.4238664e+02   2.4196620e+02   2.4133553e+02   2.3902308e+02
   2.3397774e+02   2.3650041e+02   2.3755153e+02   2.3776175e+02   2.3797197e+02   2.3860264e+02   2.3881286e+02   2.3923331e+02   2.3923331e+02   2.3944353e+02   2.4007420e+02   2.3965375e+02   2.3923331e+02   2.3881286e+02   2.3776175e+02
   2.3229596e+02   2.3397774e+02   2.3502885e+02   2.3523908e+02   2.3544930e+02   2.3565952e+02   2.3629019e+02   2.3671063e+02   2.3713108e+02   2.3734130e+02   2.3776175e+02   2.3755153e+02   2.3671063e+02   2.3629019e+02   2.3313685e+02
   2.2577906e+02   2.2977329e+02   2.3208574e+02   2.3376752e+02   2.3376752e+02   2.3397774e+02   2.3481863e+02   2.3460841e+02   2.3544930e+02   2.3523908e+02   2.3565952e+02   2.3439819e+02   2.3061418e+02   2.2830173e+02   2.2493817e+02
   2.0896125e+02   2.1947238e+02   2.2493817e+02   2.2767106e+02   2.2956307e+02   2.3061418e+02   2.3061418e+02   2.2998351e+02   2.2872218e+02   2.2767106e+02   2.2661995e+02   2.2535862e+02   2.2136439e+02   2.1779060e+02   2.1316570e+02
   1.8100165e+02   1.8751855e+02   1.9445589e+02   2.0412613e+02   2.0959192e+02   2.1211459e+02   2.1379637e+02   2.1316570e+02   2.1358615e+02   2.1169415e+02   2.0959192e+02   2.0643858e+02   2.0349547e+02   2.0055235e+02   1.9592745e+02
   1.4463314e+02   1.5367271e+02   1.6166117e+02   1.6439406e+02   1.6691674e+02   1.7049052e+02   1.7469497e+02   1.7805853e+02   1.7868920e+02   1.7974031e+02   1.7910965e+02   1.7931987e+02   1.7679720e+02   1.7070074e+02   1.6691674e+02
   1.0258862e+02   1.0952597e+02   1.1625309e+02   1.2487222e+02   1.2991756e+02   1.3349134e+02   1.3559357e+02   1.3622424e+02   1.3559357e+02   1.3706513e+02   1.4211047e+02   1.4147980e+02   1.3874691e+02   1.3622424e+02   1.3370157e+02
