   8.8209757e+00   1.5252205e+01   2.3792034e+01   3.3632166e+01   4.4737459e+01   5.3066428e+01   5.7951351e+01   5.1098401e+01   3.2788727e+01   2.0664278e+01   1.2581312e+01   7.5206725e+00   4.3929162e+00   3.9711963e+00   3.9711963e+00
   5.8689361e+00   1.0859289e+01   2.0347988e+01   3.2613010e+01   4.7127205e+01   6.1500827e+01   6.8459206e+01   5.9884234e+01   3.5986770e+01   1.9926268e+01   1.0859289e+01   6.4663727e+00   4.1820562e+00   3.9711963e+00   4.1820562e+00
   3.1980430e+00   6.1500827e+00   1.4619625e+01   2.9309537e+01   4.8673512e+01   7.1516676e+01   8.4168275e+01   7.1446389e+01   3.9922822e+01   1.8590821e+01   9.3832690e+00   5.4120728e+00   3.8657663e+00   4.0414829e+00   4.2171996e+00
   1.8625965e+00   2.8466097e+00   8.1883958e+00   2.2491731e+01   4.6600055e+01   8.2094818e+01   1.0718716e+02   8.6839168e+01   4.3366869e+01   1.6447078e+01   7.6261025e+00   4.8497795e+00   3.6197630e+00   3.3737596e+00   4.0063396e+00
   1.3003032e+00   1.8274531e+00   3.6900496e+00   1.2721885e+01   3.7673649e+01   8.8561191e+01   1.3895673e+02   1.1017434e+02   4.5545755e+01   1.5919928e+01   6.3257993e+00   4.2523429e+00   3.4791896e+00   3.3386163e+00   3.6197630e+00
   1.4057332e+00   1.3705899e+00   2.1085998e+00   5.6580761e+00   2.1999724e+01   8.2797685e+01   1.7898498e+02   1.4865628e+02   4.7865215e+01   1.6060502e+01   5.2714994e+00   3.8657663e+00   3.7251929e+00   3.5143330e+00   4.0414829e+00
   1.5814498e+00   1.7220232e+00   1.7923098e+00   2.9520397e+00   9.5589857e+00   5.8759647e+01   2.0871623e+02   2.0948939e+02   4.9516951e+01   1.6622795e+01   5.1660695e+00   3.4440463e+00   3.4089030e+00   3.5846196e+00   4.3577729e+00
   1.6165932e+00   1.7571665e+00   2.0031698e+00   2.4951764e+00   6.5718026e+00   1.9293688e+01   2.3166483e+02   2.5500000e+02   7.4433572e+01   1.9223401e+01   6.0095094e+00   3.1628997e+00   3.1980430e+00   3.5143330e+00   4.3226295e+00
   1.2300165e+00   1.4760198e+00   1.8274531e+00   2.3546031e+00   5.2714994e+00   2.2456588e+01   1.6745797e+02   2.3240284e+02   1.0100193e+02   2.7657800e+01   8.7858324e+00   3.8657663e+00   3.2331863e+00   3.0223264e+00   4.0414829e+00
   9.4886990e-01   1.5111632e+00   1.6517365e+00   2.0734564e+00   4.5686329e+00   2.5408627e+01   1.1917103e+02   1.8379961e+02   1.1175579e+02   4.1715132e+01   1.4303335e+01   6.0095094e+00   3.5846196e+00   2.9871830e+00   3.6549063e+00
   8.4343991e-01   1.5111632e+00   1.9328831e+00   2.3897464e+00   5.7283627e+00   2.6498071e+01   9.0212927e+01   1.3846472e+02   1.0718716e+02   5.2855568e+01   2.2562018e+01   9.6292723e+00   4.6740628e+00   3.4089030e+00   3.5494763e+00
   8.7858324e-01   1.6165932e+00   2.0383131e+00   2.9520397e+00   7.0989526e+00   2.6849504e+01   7.2606119e+01   1.0479741e+02   9.3621830e+01   5.7037624e+01   3.0469267e+01   1.5252205e+01   6.8178060e+00   4.0063396e+00   3.9711963e+00
   1.2300165e+00   1.7923098e+00   2.1085998e+00   3.7251929e+00   8.9615491e+00   2.6498071e+01   6.0305954e+01   8.2516538e+01   7.7526185e+01   5.4226158e+01   3.4756753e+01   2.0453418e+01   1.0894432e+01   5.6580761e+00   4.5334895e+00
   1.5463065e+00   2.0383131e+00   2.0734564e+00   4.1117696e+00   1.0578142e+01   2.6076351e+01   5.1976985e+01   6.7334620e+01   6.4066290e+01   4.9024945e+01   3.5213616e+01   2.4108324e+01   1.5252205e+01   8.3992558e+00   5.6580761e+00
   1.5814498e+00   2.0031698e+00   2.6357497e+00   5.1309261e+00   1.2581312e+01   2.5338341e+01   4.4948319e+01   5.6510474e+01   5.5034454e+01   4.3226295e+01   3.2226433e+01   2.6322354e+01   1.8309675e+01   1.1702729e+01   7.2746692e+00
