   1.3975400e+02   1.4383867e+02   1.5259153e+02   1.6046911e+02   1.6980549e+02   1.8322654e+02   1.9227117e+02   1.9781465e+02   2.0423341e+02   2.0569222e+02   2.0802632e+02   2.0656751e+02   2.0452517e+02   1.9956522e+02   1.8964531e+02
   1.4442220e+02   1.5725973e+02   1.6776316e+02   1.7797483e+02   1.9022883e+02   1.9781465e+02   2.0802632e+02   2.1794622e+02   2.2290618e+02   2.2436499e+02   2.2232265e+02   2.1707094e+02   2.1298627e+02   2.0627574e+02   1.9839817e+02
   1.6076087e+02   1.7476545e+02   1.8643593e+02   1.9781465e+02   2.0452517e+02   2.1415332e+02   2.2319794e+02   2.3020023e+02   2.3661899e+02   2.3574371e+02   2.3399314e+02   2.2990847e+02   2.2611556e+02   2.1852975e+02   2.0860984e+02
   1.7651602e+02   1.8935355e+02   1.9985698e+02   2.0831808e+02   2.1823799e+02   2.2874142e+02   2.3457666e+02   2.3895309e+02   2.4012014e+02   2.3953661e+02   2.3457666e+02   2.3136728e+02   2.2874142e+02   2.2319794e+02   2.1677918e+02
   1.8614416e+02   1.9548055e+02   2.1065217e+02   2.1532037e+02   2.2640732e+02   2.3195080e+02   2.3632723e+02   2.4012014e+02   2.3953661e+02   2.3895309e+02   2.3574371e+02   2.3136728e+02   2.2932494e+02   2.2319794e+02   2.1619565e+02
   1.9197941e+02   2.0394165e+02   2.1269451e+02   2.2348970e+02   2.3107551e+02   2.3632723e+02   2.4012014e+02   2.4099542e+02   2.4070366e+02   2.4041190e+02   2.3807780e+02   2.3545195e+02   2.3020023e+02   2.2465675e+02   2.1852975e+02
   1.9460526e+02   2.0802632e+02   2.1386156e+02   2.2524027e+02   2.3049199e+02   2.3661899e+02   2.3895309e+02   2.3924485e+02   2.3982838e+02   2.3924485e+02   2.3924485e+02   2.3632723e+02   2.3049199e+02   2.2378146e+02   2.1707094e+02
   1.9635584e+02   2.0890160e+02   2.1619565e+02   2.2494851e+02   2.2844966e+02   2.3340961e+02   2.3603547e+02   2.3749428e+02   2.3749428e+02   2.3749428e+02   2.3574371e+02   2.3457666e+02   2.2990847e+02   2.2261442e+02   2.1648741e+02
   1.9256293e+02   2.0540046e+02   2.1211098e+02   2.2144737e+02   2.2378146e+02   2.2990847e+02   2.3399314e+02   2.3370137e+02   2.3516018e+02   2.3457666e+02   2.3457666e+02   2.3136728e+02   2.2844966e+02   2.2378146e+02   2.1619565e+02
   1.8614416e+02   1.9781465e+02   2.0627574e+02   2.1532037e+02   2.2261442e+02   2.2669908e+02   2.3020023e+02   2.3107551e+02   2.3107551e+02   2.3078375e+02   2.3020023e+02   2.2932494e+02   2.2494851e+02   2.2057208e+02   2.1386156e+02
   1.7680778e+02   1.8614416e+02   1.9664760e+02   2.0510870e+02   2.1561213e+02   2.1911327e+02   2.2144737e+02   2.2203089e+02   2.2261442e+02   2.2465675e+02   2.2378146e+02   2.1998856e+02   2.1736270e+02   2.0715103e+02   1.9723112e+02
   1.5988558e+02   1.6951373e+02   1.8147597e+02   1.8847826e+02   1.9606407e+02   2.0394165e+02   2.0452517e+02   2.0685927e+02   2.0802632e+02   2.1065217e+02   2.0831808e+02   2.0277460e+02   1.9635584e+02   1.8906178e+02   1.7972540e+02
   1.3654462e+02   1.5084096e+02   1.5755149e+02   1.6542906e+02   1.7330664e+02   1.7768307e+02   1.8235126e+02   1.8468535e+02   1.8731121e+02   1.8672769e+02   1.8351831e+02   1.7797483e+02   1.7068078e+02   1.6017735e+02   1.4821510e+02
   1.1174485e+02   1.2166476e+02   1.2750000e+02   1.3187643e+02   1.3625286e+02   1.4092105e+02   1.4237986e+02   1.4588101e+02   1.4296339e+02   1.3858696e+02   1.3741991e+02   1.3479405e+02   1.3012586e+02   1.2166476e+02   1.1670481e+02
   8.4319222e+01   9.1321510e+01   9.5114416e+01   9.6864989e+01   1.0124142e+02   1.0445080e+02   1.0299199e+02   1.0036613e+02   9.8032037e+01   9.6864989e+01   9.6281465e+01   9.1905034e+01   8.9279176e+01   8.6361556e+01   8.8112128e+01
