   1.1759398e+01   9.0751880e+00   8.1804511e+00   1.0353383e+01   1.7127820e+01   4.2436090e+01   7.6308271e+01   9.6631579e+01   1.0097744e+02   9.4075188e+01   9.1007519e+01   8.5766917e+01   7.7586466e+01   6.2375940e+01   4.6398496e+01
   2.0067669e+01   1.9045113e+01   1.7000000e+01   1.8533835e+01   2.7864662e+01   5.9308271e+01   9.4330827e+01   1.0800752e+02   1.0890226e+02   9.9699248e+01   9.5097744e+01   8.9090226e+01   7.8097744e+01   5.9563910e+01   4.5375940e+01
   2.6842105e+01   2.6203008e+01   2.6203008e+01   2.8631579e+01   4.4736842e+01   8.3466165e+01   1.1452632e+02   1.2360150e+02   1.2053383e+02   1.0954135e+02   1.0493985e+02   9.6120301e+01   8.1804511e+01   6.1609023e+01   4.5759398e+01
   3.6428571e+01   3.5150376e+01   3.3616541e+01   3.9368421e+01   6.5187970e+01   1.0148872e+02   1.2845865e+02   1.3459398e+02   1.3127068e+02   1.1836090e+02   1.1299248e+02   1.0161654e+02   8.2187970e+01   6.2248120e+01   4.2563910e+01
   4.9593985e+01   4.7548872e+01   4.4992481e+01   5.4834586e+01   8.5894737e+01   1.1631579e+02   1.3574436e+02   1.4098496e+02   1.3676692e+02   1.2283459e+02   1.1708271e+02   1.0519549e+02   8.1037594e+01   5.9563910e+01   3.8984962e+01
   6.1609023e+01   6.0075188e+01   5.9691729e+01   8.3082707e+01   1.1094737e+02   1.3446617e+02   1.4366917e+02   1.4737594e+02   1.3996241e+02   1.2513534e+02   1.1861654e+02   1.0200000e+02   7.5924812e+01   5.2022556e+01   3.5917293e+01
   7.3368421e+01   7.5796992e+01   8.6533835e+01   1.2181203e+02   1.4660902e+02   1.6872180e+02   1.7818045e+02   1.7562406e+02   1.5146617e+02   1.3318797e+02   1.2424060e+02   1.0148872e+02   7.0556391e+01   4.7932331e+01   3.8345865e+01
   6.4676692e+01   7.1323308e+01   9.3436090e+01   1.3306015e+02   1.5939098e+02   1.8482707e+02   2.0987970e+02   2.2100000e+02   2.0323308e+02   1.7089474e+02   1.4980451e+02   1.1158647e+02   7.8609023e+01   5.8285714e+01   5.2789474e+01
   4.4353383e+01   5.6624060e+01   8.5000000e+01   1.1810526e+02   1.4124060e+02   1.6130827e+02   1.8559398e+02   2.0642857e+02   1.9952632e+02   1.8060902e+02   1.6373684e+02   1.1989474e+02   8.9345865e+01   7.6308271e+01   7.1706767e+01
   3.7578947e+01   5.4451128e+01   8.0015038e+01   1.0378947e+02   1.1874436e+02   1.2948120e+02   1.4111278e+02   1.4418045e+02   1.4405263e+02   1.4085714e+02   1.2462406e+02   9.3947368e+01   7.6691729e+01   7.6052632e+01   7.4007519e+01
   4.0007519e+01   6.2759398e+01   8.5127820e+01   1.0545113e+02   1.1695489e+02   1.2666917e+02   1.3510526e+02   1.3715038e+02   1.3024812e+02   1.1158647e+02   8.2571429e+01   5.6624060e+01   5.2789474e+01   5.5984962e+01   5.8285714e+01
   4.2819549e+01   6.3015038e+01   8.2954887e+01   1.0174436e+02   1.1158647e+02   1.2181203e+02   1.2948120e+02   1.3037594e+02   1.2257895e+02   9.4330827e+01   6.0203008e+01   4.0007519e+01   3.9496241e+01   4.2436090e+01   4.5120301e+01
   4.6654135e+01   6.4804511e+01   8.1037594e+01   9.7654135e+01   1.0404511e+02   1.1273684e+02   1.1887218e+02   1.1874436e+02   1.0966917e+02   7.2601504e+01   4.2308271e+01   2.9142857e+01   2.9270677e+01   3.0421053e+01   3.2338346e+01
   4.6654135e+01   6.5827068e+01   7.8609023e+01   9.1902256e+01   9.6631579e+01   1.0493985e+02   1.0941353e+02   1.0609023e+02   8.9729323e+01   4.5503759e+01   2.5563910e+01   1.8406015e+01   1.9428571e+01   2.1345865e+01   2.2751880e+01
   5.0616541e+01   6.6338346e+01   7.6308271e+01   8.7428571e+01   9.1007519e+01   9.7909774e+01   9.9954887e+01   9.3308271e+01   6.7105263e+01   2.8503759e+01   1.6616541e+01   1.0864662e+01   1.1631579e+01   1.2654135e+01   1.4827068e+01
