   1.9915858e+02   2.1071197e+02   2.1923948e+02   2.2694175e+02   2.3299353e+02   2.3987055e+02   2.4069579e+02   2.4152104e+02   2.4097087e+02   2.3904531e+02   2.3436893e+02   2.2281553e+02   1.9640777e+02   1.5156958e+02   9.6003236e+01
   2.0383495e+02   2.1731392e+02   2.2639159e+02   2.3244337e+02   2.4069579e+02   2.4372168e+02   2.4482201e+02   2.4482201e+02   2.4399676e+02   2.4207120e+02   2.3822006e+02   2.3244337e+02   2.0851133e+02   1.7385113e+02   1.1085761e+02
   2.0988673e+02   2.2474110e+02   2.3244337e+02   2.3959547e+02   2.4564725e+02   2.4647249e+02   2.4674757e+02   2.4702265e+02   2.4619741e+02   2.4427184e+02   2.4179612e+02   2.3601942e+02   2.1896440e+02   1.8430421e+02   1.3258900e+02
   2.1593851e+02   2.3161812e+02   2.3932039e+02   2.4647249e+02   2.4757282e+02   2.4812298e+02   2.4839806e+02   2.4757282e+02   2.4674757e+02   2.4482201e+02   2.4234628e+02   2.3904531e+02   2.2804207e+02   1.9145631e+02   1.5184466e+02
   2.2309061e+02   2.3822006e+02   2.4702265e+02   2.4894822e+02   2.4977346e+02   2.4949838e+02   2.4867314e+02   2.4812298e+02   2.4729773e+02   2.4564725e+02   2.4372168e+02   2.3932039e+02   2.3134304e+02   2.0025890e+02   1.5954693e+02
   2.2721683e+02   2.4564725e+02   2.4977346e+02   2.5087379e+02   2.5087379e+02   2.5032362e+02   2.4977346e+02   2.4867314e+02   2.4757282e+02   2.4592233e+02   2.4454693e+02   2.4014563e+02   2.3161812e+02   2.0521036e+02   1.6367314e+02
   2.3079288e+02   2.4977346e+02   2.5224919e+02   2.5279935e+02   2.5197411e+02   2.5114887e+02   2.5032362e+02   2.4949838e+02   2.4784790e+02   2.4647249e+02   2.4509709e+02   2.4069579e+02   2.3244337e+02   2.1043689e+02   1.6697411e+02
   2.3079288e+02   2.5224919e+02   2.5444984e+02   2.5334951e+02   2.5252427e+02   2.5169903e+02   2.5114887e+02   2.5004854e+02   2.4867314e+02   2.4647249e+02   2.4537217e+02   2.4179612e+02   2.3216828e+02   2.1098706e+02   1.7082524e+02
   2.2996764e+02   2.5197411e+02   2.5444984e+02   2.5389968e+02   2.5279935e+02   2.5197411e+02   2.5087379e+02   2.5059871e+02   2.4867314e+02   2.4674757e+02   2.4509709e+02   2.4207120e+02   2.3216828e+02   2.1208738e+02   1.7467638e+02
   2.2776699e+02   2.5032362e+02   2.5444984e+02   2.5417476e+02   2.5362460e+02   2.5252427e+02   2.5169903e+02   2.5032362e+02   2.4839806e+02   2.4702265e+02   2.4482201e+02   2.4152104e+02   2.3299353e+02   2.1181230e+02   1.7797735e+02
   2.1923948e+02   2.4537217e+02   2.5389968e+02   2.5417476e+02   2.5362460e+02   2.5279935e+02   2.5142395e+02   2.5004854e+02   2.4867314e+02   2.4702265e+02   2.4482201e+02   2.4124595e+02   2.3134304e+02   2.0988673e+02   1.7990291e+02
   2.0521036e+02   2.3987055e+02   2.5059871e+02   2.5362460e+02   2.5334951e+02   2.5279935e+02   2.5114887e+02   2.5004854e+02   2.4867314e+02   2.4729773e+02   2.4482201e+02   2.4097087e+02   2.2914239e+02   2.0686084e+02   1.7852751e+02
   1.9393204e+02   2.2996764e+02   2.4537217e+02   2.5087379e+02   2.5252427e+02   2.5197411e+02   2.5114887e+02   2.5004854e+02   2.4867314e+02   2.4619741e+02   2.4372168e+02   2.4014563e+02   2.2501618e+02   2.0521036e+02   1.7770227e+02
   1.8457929e+02   2.1648867e+02   2.3877023e+02   2.4757282e+02   2.5059871e+02   2.4977346e+02   2.5004854e+02   2.4949838e+02   2.4757282e+02   2.4537217e+02   2.4317152e+02   2.3491909e+02   2.1978964e+02   2.0135922e+02   1.7687702e+02
   1.6642395e+02   2.0355987e+02   2.2584142e+02   2.4124595e+02   2.4702265e+02   2.4867314e+02   2.4757282e+02   2.4757282e+02   2.4647249e+02   2.4454693e+02   2.3987055e+02   2.2969256e+02   2.1593851e+02   1.9888350e+02   1.7550162e+02
