   6.0538731e+00   5.7434180e+00   5.7434180e+00   6.3643281e+00   6.3255212e+00   5.6658043e+00   5.1613149e+00   4.5792117e+00   4.9672805e+00   4.4627911e+00   4.6568254e+00   4.1135291e+00   3.5702328e+00   3.3373916e+00   3.1045503e+00
   5.7046112e+00   5.9374524e+00   5.9762593e+00   6.9464313e+00   8.1882514e+00   7.1404657e+00   6.7135900e+00   6.2867144e+00   6.2867144e+00   5.8210318e+00   5.9762593e+00   5.7822249e+00   4.8896667e+00   4.1523360e+00   4.0359154e+00
   5.0448942e+00   6.0150662e+00   7.2956932e+00   9.0808096e+00   9.7405266e+00   9.1584234e+00   8.3822858e+00   8.4210927e+00   7.8777964e+00   7.5673413e+00   7.1404657e+00   7.6061482e+00   6.5971694e+00   5.2001217e+00   4.9284736e+00
   5.3553493e+00   7.0240450e+00   9.0031959e+00   1.0827119e+01   1.3155532e+01   1.3621214e+01   1.2534622e+01   1.0904733e+01   9.7405266e+00   8.5375133e+00   7.6061482e+00   8.2270583e+00   7.9166033e+00   6.8688175e+00   6.7135900e+00
   5.8986456e+00   7.3733070e+00   1.0283823e+01   1.3194339e+01   1.6686958e+01   2.1072135e+01   2.1188556e+01   1.6298889e+01   1.3116725e+01   1.0671892e+01   8.4987064e+00   8.1494445e+00   8.4598996e+00   8.6539340e+00   8.3822858e+00
   6.5195556e+00   7.4121138e+00   1.0827119e+01   1.4940648e+01   2.1693045e+01   3.3723178e+01   4.5365241e+01   4.0980064e+01   2.6311064e+01   1.5367524e+01   1.0710699e+01   9.8957541e+00   9.9345609e+00   1.0206209e+01   1.0283823e+01
   6.6359763e+00   7.9554101e+00   1.0322630e+01   1.5677979e+01   2.4099072e+01   5.0177294e+01   1.3058515e+02   1.4979455e+02   7.2258408e+01   2.9493228e+01   1.5794400e+01   1.2689849e+01   1.1642064e+01   1.2068939e+01   1.1719677e+01
   6.3255212e+00   7.4509207e+00   9.5464922e+00   1.2612236e+01   2.1615431e+01   5.0332522e+01   2.3482042e+02   2.5500000e+02   1.3147771e+02   5.5881905e+01   2.2624410e+01   1.6066048e+01   1.4707807e+01   1.3427180e+01   1.2883884e+01
   4.9672805e+00   6.0538731e+00   6.8688175e+00   1.0089788e+01   1.6531730e+01   3.6866535e+01   1.2763582e+02   1.6803378e+02   1.0120834e+02   5.0060874e+01   2.6155836e+01   1.8122812e+01   1.5833207e+01   1.5251103e+01   1.3427180e+01
   4.9672805e+00   5.2389286e+00   5.6658043e+00   8.0330239e+00   1.1603257e+01   1.9791508e+01   3.6672500e+01   6.1120834e+01   5.0293715e+01   3.6051590e+01   2.5146857e+01   1.9131791e+01   1.6454117e+01   1.5522751e+01   1.3660021e+01
   4.5404048e+00   4.5015979e+00   4.9284736e+00   6.4031350e+00   9.0031959e+00   1.3349566e+01   1.7657130e+01   2.3982651e+01   2.6582712e+01   2.5651347e+01   2.1770659e+01   1.8394461e+01   1.6337696e+01   1.5367524e+01   1.3621214e+01
   3.8030741e+00   4.8508598e+00   5.8210318e+00   6.6359763e+00   9.0808096e+00   1.0516664e+01   1.1836098e+01   1.4940648e+01   1.8161619e+01   1.9054177e+01   1.8860143e+01   1.7307868e+01   1.5057069e+01   1.3621214e+01   1.2534622e+01
   3.5702328e+00   4.9284736e+00   6.2091006e+00   6.7135900e+00   8.3434789e+00   8.9255821e+00   1.0283823e+01   1.1370415e+01   1.4164511e+01   1.5872013e+01   1.6221275e+01   1.5406331e+01   1.4901841e+01   1.2418201e+01   1.1448029e+01
   3.4538122e+00   4.7732461e+00   5.8986456e+00   6.4419419e+00   7.1792726e+00   8.0718308e+00   9.4300715e+00   1.0089788e+01   1.1874905e+01   1.4358545e+01   1.5600365e+01   1.5212296e+01   1.3854056e+01   1.2767463e+01   1.0982347e+01
   3.4150053e+00   4.4239842e+00   5.3165424e+00   5.3165424e+00   6.3643281e+00   7.0240450e+00   8.6539340e+00   9.4300715e+00   1.0671892e+01   1.1680870e+01   1.4086897e+01   1.4048090e+01   1.3776442e+01   1.2806270e+01   1.1215188e+01
