   6.1858171e-01   4.6393628e-01   3.9176842e-01   3.6083933e-01   3.2991025e-01   2.8867146e-01   2.8867146e-01   3.0929085e-01   2.6805207e-01   2.4743268e-01   2.0619390e-01   1.9588421e-01   2.0619390e-01   1.9588421e-01   2.0619390e-01
   1.1753052e+00   7.0105927e-01   4.9486537e-01   4.1238781e-01   4.0207811e-01   3.8145872e-01   3.8145872e-01   3.7114903e-01   4.1238781e-01   4.0207811e-01   4.0207811e-01   4.1238781e-01   4.0207811e-01   3.8145872e-01   3.7114903e-01
   3.4331285e+00   2.1547263e+00   1.1856149e+00   6.8043988e-01   5.2579445e-01   4.7424598e-01   4.3300720e-01   4.4331689e-01   4.6393628e-01   4.8455567e-01   5.2579445e-01   6.0827201e-01   7.0105927e-01   7.4229805e-01   8.4539500e-01
   8.7529312e+00   6.1858171e+00   4.0826393e+00   2.5774238e+00   1.3299507e+00   7.3198836e-01   4.9486537e-01   4.0207811e-01   4.4331689e-01   5.0517506e-01   6.4951079e-01   8.2477561e-01   1.0309695e+00   1.2784022e+00   1.7732676e+00
   2.0155454e+01   1.6340867e+01   1.2351015e+01   9.1343899e+00   6.4435595e+00   4.3919301e+00   2.8764049e+00   2.0103906e+00   1.7010997e+00   1.7217191e+00   2.0103906e+00   2.4330881e+00   3.1238376e+00   4.2475944e+00   5.9074553e+00
   3.7537600e+01   3.5197299e+01   3.1836339e+01   2.7753699e+01   2.3403008e+01   1.9340988e+01   1.6134673e+01   1.3474772e+01   1.1526239e+01   1.1062303e+01   1.1526239e+01   1.2732474e+01   1.4815032e+01   1.7495553e+01   2.0196693e+01
   6.0064284e+01   6.1981887e+01   6.3157193e+01   6.2414894e+01   5.9146721e+01   5.4796030e+01   4.9331891e+01   4.6043099e+01   4.3352268e+01   4.3929611e+01   4.4486335e+01   4.5599782e+01   4.7012210e+01   4.7579243e+01   4.7898844e+01
   8.0178499e+01   8.9055147e+01   9.8839047e+01   1.0872605e+02   1.1896357e+02   1.2796394e+02   1.3294352e+02   1.3329405e+02   1.3005680e+02   1.2592262e+02   1.2027290e+02   1.1259218e+02   1.0401451e+02   9.6003881e+01   8.8220061e+01
   6.0641627e+01   6.4012897e+01   6.7703768e+01   7.1239994e+01   7.4724670e+01   7.7920676e+01   7.8951646e+01   8.1477521e+01   8.8199442e+01   9.4240923e+01   9.6395650e+01   9.4993531e+01   9.1673809e+01   8.6446794e+01   8.0147570e+01
   2.9176437e+01   2.7557815e+01   2.5227824e+01   2.2567923e+01   1.9804924e+01   1.8320328e+01   1.7196572e+01   1.8186302e+01   2.1207043e+01   2.6908304e+01   3.4455001e+01   4.2527493e+01   4.8352470e+01   5.1424759e+01   5.1950554e+01
   1.1845840e+01   9.4333711e+00   7.3817417e+00   5.9486941e+00   4.8455567e+00   3.9279939e+00   3.8970648e+00   4.1032587e+00   4.5671950e+00   5.6497129e+00   8.1343495e+00   1.1577788e+01   1.6402725e+01   2.2361729e+01   2.7990822e+01
   3.8248969e+00   2.7629983e+00   2.0207003e+00   1.4639767e+00   1.0515889e+00   7.7322714e-01   5.5672354e-01   4.1238781e-01   4.9486537e-01   8.6601439e-01   1.4433573e+00   2.4537074e+00   4.1135684e+00   6.7219212e+00   1.0237527e+01
   1.4124282e+00   9.7942104e-01   6.9074958e-01   5.5672354e-01   4.0207811e-01   3.6083933e-01   3.1960055e-01   3.4021994e-01   3.6083933e-01   3.8145872e-01   4.4331689e-01   5.8765262e-01   8.4539500e-01   1.4536670e+00   2.7629983e+00
   6.7013019e-01   4.0207811e-01   2.7836177e-01   1.9588421e-01   1.8557451e-01   2.0619390e-01   2.7836177e-01   3.0929085e-01   3.4021994e-01   3.5052964e-01   3.5052964e-01   3.4021994e-01   3.5052964e-01   4.0207811e-01   6.2889140e-01
   4.5362659e-01   3.9176842e-01   3.2991025e-01   2.8867146e-01   2.4743268e-01   2.3712299e-01   2.6805207e-01   3.1960055e-01   4.1238781e-01   4.6393628e-01   4.8455567e-01   4.7424598e-01   4.5362659e-01   4.4331689e-01   4.1238781e-01
