   1.5171625e+02   1.5959382e+02   1.6513730e+02   1.7534897e+02   1.8351831e+02   1.9781465e+02   2.0715103e+02   2.1152746e+02   2.1736270e+02   2.2086384e+02   2.1852975e+02   2.1561213e+02   2.1473684e+02   2.1006865e+02   2.0423341e+02
   1.5813501e+02   1.6776316e+02   1.8001716e+02   1.8993707e+02   2.0219108e+02   2.0860984e+02   2.1940503e+02   2.2669908e+02   2.3107551e+02   2.3253432e+02   2.3195080e+02   2.3107551e+02   2.2582380e+02   2.1940503e+02   2.1152746e+02
   1.7709954e+02   1.8964531e+02   2.0073227e+02   2.0715103e+02   2.1473684e+02   2.2348970e+02   2.3224256e+02   2.3895309e+02   2.4274600e+02   2.4187071e+02   2.3982838e+02   2.3807780e+02   2.3545195e+02   2.2903318e+02   2.1969680e+02
   1.9256293e+02   2.0306636e+02   2.0890160e+02   2.1911327e+02   2.2815789e+02   2.3516018e+02   2.4099542e+02   2.4362128e+02   2.4420481e+02   2.4245423e+02   2.3953661e+02   2.3632723e+02   2.3399314e+02   2.2874142e+02   2.2407323e+02
   1.9752288e+02   2.0802632e+02   2.1736270e+02   2.2582380e+02   2.3340961e+02   2.3895309e+02   2.4332952e+02   2.4420481e+02   2.4362128e+02   2.4216247e+02   2.4157895e+02   2.3603547e+02   2.3165904e+02   2.2582380e+02   2.2203089e+02
   2.0394165e+02   2.1590389e+02   2.2232265e+02   2.3224256e+02   2.3691076e+02   2.4187071e+02   2.4332952e+02   2.4391304e+02   2.4332952e+02   2.4332952e+02   2.4099542e+02   2.3924485e+02   2.3457666e+02   2.2611556e+02   2.2086384e+02
   2.0860984e+02   2.1794622e+02   2.2699085e+02   2.3195080e+02   2.3632723e+02   2.4070366e+02   2.4245423e+02   2.4303776e+02   2.4099542e+02   2.4070366e+02   2.4070366e+02   2.3895309e+02   2.3428490e+02   2.2728261e+02   2.2086384e+02
   2.0860984e+02   2.1677918e+02   2.2553204e+02   2.3020023e+02   2.3545195e+02   2.3778604e+02   2.4187071e+02   2.4508009e+02   2.4012014e+02   2.3982838e+02   2.3720252e+02   2.3661899e+02   2.3340961e+02   2.2903318e+02   2.2203089e+02
   2.0219108e+02   2.1327803e+02   2.2057208e+02   2.2582380e+02   2.3020023e+02   2.3691076e+02   2.3924485e+02   2.3924485e+02   2.3778604e+02   2.3720252e+02   2.3516018e+02   2.3340961e+02   2.3136728e+02   2.2757437e+02   2.2232265e+02
   1.9577231e+02   2.0569222e+02   2.1444508e+02   2.2232265e+02   2.2757437e+02   2.3428490e+02   2.3574371e+02   2.3516018e+02   2.3428490e+02   2.3516018e+02   2.3311785e+02   2.3165904e+02   2.2844966e+02   2.2465675e+02   2.1911327e+02
   1.8643593e+02   1.9781465e+02   2.0627574e+02   2.1415332e+02   2.2028032e+02   2.2553204e+02   2.3020023e+02   2.3020023e+02   2.2844966e+02   2.2757437e+02   2.2669908e+02   2.2465675e+02   2.2232265e+02   2.1502860e+02   2.0685927e+02
   1.7155606e+02   1.8351831e+02   1.9285469e+02   2.0102403e+02   2.0627574e+02   2.1473684e+02   2.1794622e+02   2.1707094e+02   2.1502860e+02   2.1590389e+02   2.1386156e+02   2.1065217e+02   2.0481693e+02   1.9898169e+02   1.9022883e+02
   1.5229977e+02   1.6338673e+02   1.7272311e+02   1.7709954e+02   1.8410183e+02   1.8877002e+02   1.9343822e+02   1.9839817e+02   1.9693936e+02   1.9372998e+02   1.9372998e+02   1.8993707e+02   1.8176773e+02   1.7476545e+02   1.6601259e+02
   1.2545767e+02   1.3479405e+02   1.4208810e+02   1.4558924e+02   1.5200801e+02   1.5521739e+02   1.5755149e+02   1.5959382e+02   1.5959382e+02   1.5580092e+02   1.5346682e+02   1.4879863e+02   1.4442220e+02   1.3683638e+02   1.3275172e+02
   1.0065789e+02   1.0474256e+02   1.0999428e+02   1.1174485e+02   1.1524600e+02   1.1437071e+02   1.1349542e+02   1.1553776e+02   1.1407895e+02   1.0853547e+02   1.0824371e+02   1.0766018e+02   1.0445080e+02   1.0270023e+02   1.0153318e+02
