   1.0992481e+01   8.6917293e+00   7.6691729e+00   7.9248120e+00   1.4315789e+01   2.7736842e+01   5.7646617e+01   8.0398496e+01   8.8323308e+01   8.9857143e+01   8.8578947e+01   8.1548872e+01   7.2345865e+01   5.7390977e+01   4.3330827e+01
   1.8150376e+01   1.6872180e+01   1.5593985e+01   1.5849624e+01   2.3518797e+01   4.3203008e+01   7.6563910e+01   9.2669173e+01   9.7270677e+01   9.7654135e+01   9.2924812e+01   8.4744361e+01   7.2857143e+01   5.6496241e+01   4.3075188e+01
   2.5436090e+01   2.4796992e+01   2.3902256e+01   2.5052632e+01   3.7962406e+01   6.6593985e+01   9.5736842e+01   1.0660150e+02   1.0813534e+02   1.0660150e+02   9.9954887e+01   9.0624060e+01   7.4135338e+01   5.6751880e+01   4.0263158e+01
   3.4511278e+01   3.2977444e+01   3.1571429e+01   3.3616541e+01   5.4067669e+01   8.5894737e+01   1.1260902e+02   1.1861654e+02   1.1989474e+02   1.1503759e+02   1.0672932e+02   9.4969925e+01   7.4902256e+01   5.6368421e+01   3.6684211e+01
   4.7293233e+01   4.5375940e+01   4.2691729e+01   4.6654135e+01   7.4390977e+01   1.0123308e+02   1.2066165e+02   1.2628571e+02   1.2526316e+02   1.1925564e+02   1.1196992e+02   9.7015038e+01   7.4518797e+01   5.2661654e+01   3.4766917e+01
   6.0330827e+01   5.8157895e+01   5.6496241e+01   7.1067669e+01   1.0225564e+02   1.2002256e+02   1.2922556e+02   1.3216541e+02   1.2884211e+02   1.2104511e+02   1.1490977e+02   9.2796992e+01   6.8255639e+01   4.6142857e+01   3.3872180e+01
   7.2601504e+01   7.4390977e+01   8.1293233e+01   1.0864662e+02   1.3804511e+02   1.5402256e+02   1.6054135e+02   1.5645113e+02   1.3868421e+02   1.2858647e+02   1.1861654e+02   9.1390977e+01   6.2759398e+01   4.3586466e+01   3.7195489e+01
   6.3909774e+01   6.8766917e+01   8.5000000e+01   1.2130075e+02   1.5006015e+02   1.7191729e+02   1.9096241e+02   1.9530827e+02   1.8584962e+02   1.6437594e+02   1.3996241e+02   1.0072180e+02   7.1706767e+01   5.6368421e+01   5.1894737e+01
   4.3714286e+01   5.2278195e+01   7.6308271e+01   1.1094737e+02   1.3433835e+02   1.5184962e+02   1.7051128e+02   1.8597744e+02   1.8214286e+02   1.7281203e+02   1.4929323e+02   1.1043609e+02   8.4616541e+01   7.6052632e+01   7.1706767e+01
   3.4894737e+01   4.7421053e+01   7.2729323e+01   9.7142857e+01   1.1235338e+02   1.2219549e+02   1.2858647e+02   1.2871429e+02   1.3139850e+02   1.3229323e+02   1.0992481e+02   8.4233083e+01   7.4902256e+01   7.4774436e+01   7.2984962e+01
   3.4894737e+01   5.5857143e+01   7.8097744e+01   9.8932331e+01   1.1248120e+02   1.1848872e+02   1.2283459e+02   1.2232331e+02   1.1784962e+02   9.8421053e+01   7.0172932e+01   4.9082707e+01   5.0105263e+01   5.3812030e+01   5.6624060e+01
   3.6045113e+01   5.7390977e+01   7.6180451e+01   9.5609023e+01   1.0660150e+02   1.1299248e+02   1.1721053e+02   1.1644361e+02   1.0839098e+02   8.1676692e+01   5.0360902e+01   3.6428571e+01   3.7451128e+01   4.0007519e+01   4.2819549e+01
   4.1030075e+01   5.8541353e+01   7.6308271e+01   9.2541353e+01   1.0084962e+02   1.0468421e+02   1.0685714e+02   1.0430075e+02   9.2796992e+01   6.1353383e+01   3.5533835e+01   2.6969925e+01   2.7353383e+01   2.9142857e+01   3.1060150e+01
   4.3586466e+01   6.0714286e+01   7.5157895e+01   8.9090226e+01   9.4842105e+01   9.8293233e+01   9.8932331e+01   9.2285714e+01   7.2857143e+01   3.7834586e+01   2.4157895e+01   1.9045113e+01   2.0323308e+01   2.1601504e+01   2.2624060e+01
   4.4864662e+01   6.1353383e+01   7.2345865e+01   8.3849624e+01   8.8323308e+01   8.9345865e+01   8.7300752e+01   7.6819549e+01   5.0105263e+01   2.3646617e+01   1.4954887e+01   1.0481203e+01   1.1248120e+01   1.2526316e+01   1.4443609e+01
