   1.5543657e+01   1.5823723e+01   1.6173806e+01   1.7854201e+01   1.9534596e+01   2.5205931e+01   3.6198517e+01   5.2092257e+01   7.2887150e+01   9.0321252e+01   1.0663509e+02   1.1531713e+02   1.2252883e+02   1.2427924e+02   1.2133855e+02
   1.6663921e+01   1.6383855e+01   1.8344316e+01   1.9464580e+01   2.4155684e+01   3.3257825e+01   4.8731466e+01   7.0296540e+01   9.2771829e+01   1.1286656e+02   1.2434926e+02   1.3527183e+02   1.3660214e+02   1.3492175e+02   1.2644975e+02
   1.7014003e+01   1.7854201e+01   1.9394563e+01   2.3525535e+01   3.0737232e+01   4.5440692e+01   6.6165568e+01   9.1651565e+01   1.1909802e+02   1.3562191e+02   1.4864498e+02   1.5424629e+02   1.4948517e+02   1.3898270e+02   1.2707990e+02
   1.7434102e+01   1.9254530e+01   2.2755354e+01   3.0947282e+01   3.9769357e+01   6.2524712e+01   9.0881384e+01   1.2595964e+02   1.5018534e+02   1.6579901e+02   1.7007002e+02   1.6586903e+02   1.5375618e+02   1.3856260e+02   1.2056837e+02
   1.9814662e+01   2.3525535e+01   3.0877265e+01   3.8018946e+01   5.7063427e+01   8.7240527e+01   1.2988056e+02   1.6313839e+02   1.7966227e+02   1.8631384e+02   1.8064250e+02   1.6957990e+02   1.5053542e+02   1.2841021e+02   1.0901565e+02
   2.4575783e+01   3.1787479e+01   3.9909390e+01   5.6713344e+01   8.4369852e+01   1.3156096e+02   1.7280066e+02   1.9156507e+02   1.9891680e+02   1.9618616e+02   1.8666392e+02   1.6747941e+02   1.3891269e+02   1.1419687e+02   9.3752059e+01
   3.4168040e+01   4.3550247e+01   5.7693575e+01   8.2059308e+01   1.2217875e+02   1.6985997e+02   1.9373558e+02   2.0269769e+02   2.0528830e+02   2.0024712e+02   1.8372323e+02   1.5186573e+02   1.1958814e+02   9.4102142e+01   7.9398682e+01
   4.6420923e+01   5.9163921e+01   7.8628501e+01   1.1524712e+02   1.5599671e+02   1.8939456e+02   2.0318781e+02   2.0717875e+02   2.0465815e+02   1.9681631e+02   1.6950988e+02   1.2539951e+02   9.3401977e+01   7.5757825e+01   6.2104613e+01
   6.1824547e+01   7.8138386e+01   1.0460461e+02   1.4227348e+02   1.7588138e+02   1.9674629e+02   2.0444811e+02   2.0332784e+02   1.9870675e+02   1.8617381e+02   1.3324135e+02   9.2491763e+01   7.1626853e+01   5.6643328e+01   4.9361614e+01
   7.7088138e+01   9.7883031e+01   1.2771005e+02   1.5928748e+02   1.8190280e+02   1.9471582e+02   1.9884679e+02   1.9548600e+02   1.8785420e+02   1.4472405e+02   8.8710873e+01   6.9316310e+01   5.4052718e+01   4.5300659e+01   3.9909390e+01
   9.1091433e+01   1.1489703e+02   1.4129325e+02   1.6383855e+02   1.7868204e+02   1.8547364e+02   1.8337315e+02   1.7224053e+02   1.3947282e+02   9.3121911e+01   6.9666392e+01   5.1252059e+01   4.1939868e+01   3.7598847e+01   3.5078254e+01
   1.0215404e+02   1.2399918e+02   1.4633443e+02   1.6201812e+02   1.6845964e+02   1.6754942e+02   1.5844728e+02   1.3506178e+02   1.0124382e+02   7.3727348e+01   5.2512356e+01   4.1379736e+01   3.6338550e+01   3.3467875e+01   3.2487644e+01
   1.1139621e+02   1.3044069e+02   1.4577430e+02   1.5347611e+02   1.5410626e+02   1.4710461e+02   1.3100082e+02   1.0810544e+02   8.0658979e+01   5.7413509e+01   4.2079901e+01   3.7388797e+01   3.3047776e+01   3.1437397e+01   3.1437397e+01
   1.1461697e+02   1.2876030e+02   1.3821252e+02   1.4185338e+02   1.3849259e+02   1.2700988e+02   1.0992586e+02   8.8010708e+01   6.4625206e+01   4.8311367e+01   3.8299012e+01   3.4378089e+01   3.1857496e+01   3.0807249e+01   2.9827018e+01
   1.1440692e+02   1.2357908e+02   1.2932043e+02   1.2932043e+02   1.2245881e+02   1.1013591e+02   9.2491763e+01   7.1416804e+01   5.5032949e+01   4.2289951e+01   3.5778418e+01   3.1927512e+01   3.0947282e+01   2.9336903e+01   2.9056837e+01
