   5.1548476e-01   3.9176842e-01   3.2991025e-01   2.9898116e-01   2.6805207e-01   2.4743268e-01   2.1650360e-01   1.9588421e-01   1.7526482e-01   1.7526482e-01   1.7526482e-01   1.6495512e-01   1.4433573e-01   1.4433573e-01   1.6495512e-01
   7.2167866e-01   4.1238781e-01   3.5052964e-01   2.9898116e-01   2.8867146e-01   2.5774238e-01   2.2681329e-01   2.2681329e-01   2.3712299e-01   2.5774238e-01   2.7836177e-01   2.9898116e-01   2.9898116e-01   2.7836177e-01   2.4743268e-01
   1.7114094e+00   9.3818226e-01   5.2579445e-01   3.5052964e-01   2.8867146e-01   2.9898116e-01   2.6805207e-01   2.6805207e-01   2.8867146e-01   2.9898116e-01   3.0929085e-01   3.2991025e-01   3.8145872e-01   4.5362659e-01   5.2579445e-01
   4.1548071e+00   2.8042371e+00   1.6495512e+00   8.4539500e-01   4.1238781e-01   1.9588421e-01   1.6495512e-01   1.4433573e-01   1.6495512e-01   2.0619390e-01   2.7836177e-01   3.9176842e-01   4.8455567e-01   6.1858171e-01   8.0415622e-01
   8.6498342e+00   6.7528503e+00   4.9589634e+00   3.2681734e+00   1.9588421e+00   1.0309695e+00   4.3300720e-01   3.0929085e-01   3.5052964e-01   4.4331689e-01   6.9074958e-01   9.8973074e-01   1.2062343e+00   1.7217191e+00   2.4537074e+00
   1.5959408e+01   1.4175831e+01   1.2134511e+01   1.0124121e+01   8.2683755e+00   6.4744886e+00   5.0723700e+00   3.9486132e+00   3.3403412e+00   3.2887928e+00   3.7011806e+00   4.3300720e+00   5.1239185e+00   6.4229401e+00   7.9178459e+00
   2.2495755e+01   2.2000889e+01   2.0856513e+01   1.9114175e+01   1.7134713e+01   1.5320207e+01   1.3639727e+01   1.2299466e+01   1.1237568e+01   1.1000445e+01   1.1495310e+01   1.2546899e+01   1.4196450e+01   1.5804763e+01   1.7196572e+01
   2.6949543e+01   2.7062950e+01   2.6774278e+01   2.6217555e+01   2.5083488e+01   2.2846284e+01   2.0784345e+01   1.9423466e+01   1.9804924e+01   2.1186424e+01   2.2629781e+01   2.4238093e+01   2.5444328e+01   2.6413439e+01   2.7155737e+01
   2.1413237e+01   2.0670939e+01   1.9557492e+01   1.8320328e+01   1.6856352e+01   1.5815072e+01   1.5062465e+01   1.5155252e+01   1.5536711e+01   1.6608919e+01   1.8897671e+01   2.1000849e+01   2.2939072e+01   2.4299951e+01   2.5444328e+01
   1.2309776e+01   1.0887038e+01   9.5777068e+00   8.1446592e+00   7.0209024e+00   6.1033395e+00   5.9383844e+00   6.1136492e+00   6.2682947e+00   6.8147085e+00   7.9487750e+00   9.9488558e+00   1.2670615e+01   1.5547020e+01   1.7928560e+01
   5.2373251e+00   4.1444975e+00   3.1444570e+00   2.2784426e+00   1.6083124e+00   1.0928277e+00   7.2167866e-01   6.3920110e-01   7.9384653e-01   1.2165440e+00   1.9382227e+00   2.9588825e+00   4.4537883e+00   6.4951079e+00   9.0416027e+00
   2.1031778e+00   1.5876931e+00   1.0515889e+00   6.3920110e-01   3.4021994e-01   1.8557451e-01   1.4433573e-01   1.1340665e-01   1.5464543e-01   2.3712299e-01   4.1238781e-01   6.5982049e-01   1.0928277e+00   1.8557451e+00   3.2578637e+00
   8.2477561e-01   5.3610415e-01   3.7114903e-01   2.2681329e-01   1.8557451e-01   1.6495512e-01   1.5464543e-01   1.5464543e-01   1.5464543e-01   1.6495512e-01   1.8557451e-01   2.8867146e-01   3.8145872e-01   5.2579445e-01   8.2477561e-01
   4.0207811e-01   2.4743268e-01   1.9588421e-01   1.4433573e-01   1.2371634e-01   1.3402604e-01   1.1340665e-01   1.1340665e-01   1.0309695e-01   9.2787256e-02   8.2477561e-02   1.2371634e-01   1.4433573e-01   2.2681329e-01   2.8867146e-01
   3.0929085e-01   2.0619390e-01   1.5464543e-01   1.0309695e-01   9.2787256e-02   8.2477561e-02   7.2167866e-02   6.1858171e-02   7.2167866e-02   8.2477561e-02   7.2167866e-02   1.4433573e-01   1.5464543e-01   1.6495512e-01   2.1650360e-01
