   1.6561429e+00   1.6331409e+00   1.7251488e+00   1.8401588e+00   1.8861627e+00   2.3232004e+00   3.2317788e+00   5.7965001e+00   9.9023543e+00   1.3364153e+01   1.4537254e+01   1.3145634e+01   9.7988454e+00   7.2226231e+00   5.0604366e+00
   1.6676439e+00   1.6676439e+00   1.7021469e+00   1.6906459e+00   1.7596518e+00   2.0011727e+00   3.2662818e+00   6.4750586e+00   1.0523408e+01   1.3548169e+01   1.3904700e+01   1.1408984e+01   8.4762313e+00   5.6009832e+00   3.9793433e+00
   1.5756359e+00   1.6561429e+00   1.6906459e+00   1.6101389e+00   1.6561429e+00   1.9321667e+00   3.6573155e+00   7.2801281e+00   1.1167463e+01   1.3352652e+01   1.2559084e+01   9.3733087e+00   6.6245715e+00   4.2783691e+00   3.1627729e+00
   1.6216399e+00   1.6216399e+00   1.5871369e+00   1.5411330e+00   1.5641349e+00   2.0356756e+00   4.1518582e+00   8.1081995e+00   1.1581499e+01   1.2501579e+01   1.0523408e+01   7.2111221e+00   4.6233989e+00   3.1397709e+00   2.5992242e+00
   1.5066300e+00   1.5411330e+00   1.4491250e+00   1.4836280e+00   1.5526340e+00   2.2771965e+00   4.9454267e+00   8.6602472e+00   1.1546996e+01   1.0994949e+01   7.7746708e+00   5.0029316e+00   3.3467887e+00   2.4267094e+00   2.0011727e+00
   1.4721270e+00   1.4491250e+00   1.4491250e+00   1.4606260e+00   1.6676439e+00   2.7602381e+00   5.7965001e+00   9.3503067e+00   1.0707424e+01   8.4647303e+00   5.4514703e+00   3.5308046e+00   2.4382104e+00   1.8746617e+00   1.6561429e+00
   1.4836280e+00   1.4031211e+00   1.3226141e+00   1.3916201e+00   1.8401588e+00   3.5768086e+00   6.7855854e+00   9.5458236e+00   9.1202868e+00   6.2680408e+00   3.9908443e+00   2.4382104e+00   1.8516598e+00   1.5986379e+00   1.4491250e+00
   1.4836280e+00   1.3341151e+00   1.2306062e+00   1.4261230e+00   2.3462024e+00   4.5773949e+00   7.7746708e+00   9.6033285e+00   7.6481598e+00   4.9109237e+00   2.8637471e+00   1.8286578e+00   1.5066300e+00   1.4606260e+00   1.3111131e+00
   1.4376240e+00   1.2766101e+00   1.2306062e+00   1.6676439e+00   3.1742739e+00   5.9230110e+00   8.9592730e+00   9.4193126e+00   6.3255457e+00   3.8643334e+00   2.0471766e+00   1.4146220e+00   1.4146220e+00   1.2881111e+00   1.1385982e+00
   1.4031211e+00   1.3341151e+00   1.4836280e+00   2.3347014e+00   4.4738860e+00   7.7171658e+00   1.0028865e+01   8.4877323e+00   5.4399693e+00   2.7602381e+00   1.5066300e+00   1.3341151e+00   1.2766101e+00   1.1270972e+00   9.5458236e-01
   1.3801191e+00   1.5756359e+00   2.0011727e+00   3.4617987e+00   6.4405557e+00   9.5573246e+00   1.0546410e+01   7.6251579e+00   4.6003969e+00   2.0816796e+00   1.3456161e+00   1.1616002e+00   1.1270972e+00   1.0465903e+00   8.8557640e-01
   1.5411330e+00   1.9551687e+00   2.8752481e+00   5.4284683e+00   8.9132690e+00   1.1144461e+01   1.0776430e+01   6.8085874e+00   3.8528324e+00   1.7826538e+00   1.3571171e+00   1.0925943e+00   1.0810933e+00   9.8908533e-01   8.0506946e-01
   1.9206657e+00   2.5532203e+00   4.3473751e+00   7.7171658e+00   1.1040953e+01   1.2340565e+01   1.0500406e+01   6.1990348e+00   3.0822659e+00   1.6331409e+00   1.2421072e+00   1.0580913e+00   9.7758434e-01   9.4308136e-01   7.3606350e-01
   2.3692044e+00   3.5423056e+00   6.3255457e+00   1.0132374e+01   1.2513080e+01   1.2812105e+01   9.8448494e+00   5.3594624e+00   2.5647213e+00   1.5066300e+00   1.1270972e+00   9.3158037e-01   9.5458236e-01   8.1657045e-01   6.9005953e-01
   3.0247610e+00   5.1179415e+00   8.8557640e+00   1.2329064e+01   1.3456161e+01   1.2340565e+01   8.9132690e+00   4.6233989e+00   2.3001984e+00   1.3686181e+00   9.5458236e-01   8.6257442e-01   8.3957243e-01   7.2456251e-01   5.9805160e-01
