   1.1440841e+00   8.8257916e-01   6.5376234e-01   5.5569799e-01   5.2300987e-01   5.2300987e-01   4.5763364e-01   4.2494552e-01   3.9225740e-01   3.2688117e-01   2.6150494e-01   2.2881682e-01   3.5956929e-01   5.8838610e-01   7.8451481e-01
   1.2748366e+00   9.4795539e-01   7.5182669e-01   6.8645046e-01   5.8838610e-01   5.2300987e-01   4.5763364e-01   3.9225740e-01   3.2688117e-01   3.2688117e-01   3.9225740e-01   4.5763364e-01   5.2300987e-01   7.1913857e-01   1.0787079e+00
   1.5363415e+00   1.2094603e+00   9.1526727e-01   6.8645046e-01   6.2107422e-01   6.2107422e-01   6.2107422e-01   6.8645046e-01   8.1720292e-01   9.1526727e-01   8.8257916e-01   8.8257916e-01   9.4795539e-01   1.0133316e+00   1.2748366e+00
   3.0073068e+00   2.0266632e+00   1.3075247e+00   8.8257916e-01   7.1913857e-01   6.5376234e-01   5.8838610e-01   6.5376234e-01   8.1720292e-01   7.1913857e-01   6.5376234e-01   7.1913857e-01   9.8064351e-01   1.5690296e+00   2.4189207e+00
   6.6683758e+00   5.3281631e+00   4.1513908e+00   3.1053711e+00   2.1901038e+00   1.3729009e+00   7.8451481e-01   5.5569799e-01   4.2494552e-01   4.9032175e-01   1.0460197e+00   1.8305345e+00   2.9746186e+00   4.1513908e+00   5.9165492e+00
   1.3173311e+01   1.2094603e+01   1.0754390e+01   9.3161133e+00   8.3681579e+00   7.9432124e+00   7.6817075e+00   7.0279451e+00   6.9625689e+00   7.4528907e+00   8.4335342e+00   9.8718113e+00   1.1277400e+01   1.2781054e+01   1.3957826e+01
   2.2489424e+01   2.2554801e+01   2.2097167e+01   2.1018459e+01   1.9776311e+01   1.8566850e+01   1.7749647e+01   1.8011152e+01   1.8501474e+01   1.9057172e+01   2.0233944e+01   2.1018459e+01   2.2391360e+01   2.3339315e+01   2.3796949e+01
   2.8994360e+01   3.0628766e+01   3.1903602e+01   3.2491988e+01   3.2393924e+01   3.1380592e+01   2.9876939e+01   2.9321241e+01   2.9451993e+01   3.0269196e+01   3.0334572e+01   3.1053711e+01   3.1347904e+01   3.1347904e+01   3.0563389e+01
   2.9353929e+01   3.0105756e+01   3.0236508e+01   2.9680810e+01   2.8144469e+01   2.5790924e+01   2.4189207e+01   2.3306627e+01   2.2783617e+01   2.2947058e+01   2.3698885e+01   2.4287271e+01   2.4810281e+01   2.5627484e+01   2.6248558e+01
   2.0528137e+01   1.9678246e+01   1.7815024e+01   1.5069222e+01   1.2879118e+01   1.1375465e+01   1.0819767e+01   1.0525574e+01   9.6103064e+00   8.8584797e+00   8.9238559e+00   9.7410588e+00   1.1179336e+01   1.2813742e+01   1.4153955e+01
   1.0035252e+01   7.9105243e+00   5.4589155e+00   3.7591334e+00   2.4189207e+00   1.3729009e+00   8.4989104e-01   7.5182669e-01   1.1113960e+00   1.5036534e+00   1.9612870e+00   2.5169850e+00   3.5303166e+00   4.9032175e+00   6.2761184e+00
   4.1187027e+00   2.7784899e+00   1.6670940e+00   7.8451481e-01   4.9032175e-01   3.5956929e-01   3.5956929e-01   3.5956929e-01   3.9225740e-01   5.5569799e-01   8.4989104e-01   1.1767722e+00   1.5690296e+00   1.9939751e+00   2.7458018e+00
   1.9612870e+00   1.0133316e+00   7.1913857e-01   5.5569799e-01   5.2300987e-01   5.2300987e-01   5.5569799e-01   5.8838610e-01   6.2107422e-01   6.8645046e-01   8.1720292e-01   9.8064351e-01   1.1767722e+00   1.3729009e+00   1.6344058e+00
   1.0787079e+00   6.5376234e-01   4.2494552e-01   5.2300987e-01   5.5569799e-01   6.2107422e-01   6.5376234e-01   6.2107422e-01   6.5376234e-01   7.8451481e-01   9.1526727e-01   9.4795539e-01   9.8064351e-01   1.0787079e+00   1.1767722e+00
   1.0787079e+00   8.8257916e-01   7.8451481e-01   7.5182669e-01   6.8645046e-01   7.8451481e-01   7.5182669e-01   6.2107422e-01   7.5182669e-01   9.8064351e-01   1.1440841e+00   1.1113960e+00   1.2421484e+00   1.3075247e+00   1.5036534e+00
