   1.5988558e+02   1.6513730e+02   1.7301487e+02   1.8089245e+02   1.9052059e+02   2.0131579e+02   2.1094394e+02   2.2028032e+02   2.2290618e+02   2.2640732e+02   2.2465675e+02   2.1969680e+02   2.1852975e+02   2.1444508e+02   2.0773455e+02
   1.6630435e+02   1.7418192e+02   1.8701945e+02   1.9635584e+02   2.0831808e+02   2.1677918e+02   2.2669908e+02   2.3224256e+02   2.3632723e+02   2.3574371e+02   2.3516018e+02   2.3311785e+02   2.2728261e+02   2.2290618e+02   2.1444508e+02
   1.8089245e+02   1.9431350e+02   2.0540046e+02   2.1327803e+02   2.2261442e+02   2.3253432e+02   2.3953661e+02   2.4332952e+02   2.4595538e+02   2.4508009e+02   2.4245423e+02   2.4099542e+02   2.3836957e+02   2.3253432e+02   2.2261442e+02
   1.9577231e+02   2.0685927e+02   2.1707094e+02   2.2582380e+02   2.3253432e+02   2.4099542e+02   2.4449657e+02   2.4595538e+02   2.4508009e+02   2.4537185e+02   2.4391304e+02   2.4070366e+02   2.3632723e+02   2.3282609e+02   2.2786613e+02
   2.0306636e+02   2.1502860e+02   2.2494851e+02   2.3136728e+02   2.3807780e+02   2.4420481e+02   2.4595538e+02   2.4741419e+02   2.4653890e+02   2.4478833e+02   2.4245423e+02   2.4012014e+02   2.3545195e+02   2.3049199e+02   2.2611556e+02
   2.1181922e+02   2.2348970e+02   2.2990847e+02   2.3749428e+02   2.4128719e+02   2.4362128e+02   2.4508009e+02   2.4770595e+02   2.4566362e+02   2.4566362e+02   2.4362128e+02   2.4099542e+02   2.3545195e+02   2.2786613e+02   2.2465675e+02
   2.1619565e+02   2.2348970e+02   2.3020023e+02   2.3691076e+02   2.4041190e+02   2.4303776e+02   2.4828947e+02   2.5120709e+02   2.4537185e+02   2.4274600e+02   2.4128719e+02   2.3982838e+02   2.3661899e+02   2.3020023e+02   2.2436499e+02
   2.1561213e+02   2.2319794e+02   2.3049199e+02   2.3545195e+02   2.3836957e+02   2.4041190e+02   2.5237414e+02   2.5500000e+02   2.4741419e+02   2.4187071e+02   2.3953661e+02   2.3836957e+02   2.3516018e+02   2.3165904e+02   2.2699085e+02
   2.0890160e+02   2.1969680e+02   2.2669908e+02   2.3195080e+02   2.3545195e+02   2.3866133e+02   2.4653890e+02   2.4974828e+02   2.4362128e+02   2.4012014e+02   2.3866133e+02   2.3574371e+02   2.3224256e+02   2.2990847e+02   2.2669908e+02
   2.0335812e+02   2.1327803e+02   2.1998856e+02   2.2699085e+02   2.3311785e+02   2.3603547e+02   2.4012014e+02   2.4012014e+02   2.3661899e+02   2.3661899e+02   2.3516018e+02   2.3370137e+02   2.3020023e+02   2.2757437e+02   2.2290618e+02
   1.9460526e+02   2.0219108e+02   2.1240275e+02   2.1882151e+02   2.2524027e+02   2.3165904e+02   2.3457666e+02   2.3516018e+02   2.3195080e+02   2.2932494e+02   2.3020023e+02   2.2844966e+02   2.2669908e+02   2.2057208e+02   2.1327803e+02
   1.7709954e+02   1.9110412e+02   1.9927346e+02   2.0744279e+02   2.1386156e+02   2.2144737e+02   2.2290618e+02   2.2378146e+02   2.2173913e+02   2.2028032e+02   2.1969680e+02   2.1736270e+02   2.1240275e+02   2.0423341e+02   1.9635584e+02
   1.5930206e+02   1.6834668e+02   1.7797483e+02   1.8585240e+02   1.9431350e+02   1.9868993e+02   2.0131579e+02   2.0627574e+02   2.0510870e+02   2.0131579e+02   2.0014874e+02   1.9781465e+02   1.8964531e+02   1.8205950e+02   1.7213959e+02
   1.3275172e+02   1.4325515e+02   1.4850686e+02   1.5784325e+02   1.6076087e+02   1.6513730e+02   1.6893021e+02   1.7330664e+02   1.7418192e+02   1.7126430e+02   1.6747140e+02   1.6134439e+02   1.5696796e+02   1.4792334e+02   1.4325515e+02
   1.0678490e+02   1.1495423e+02   1.2137300e+02   1.2399886e+02   1.2574943e+02   1.2516590e+02   1.2458238e+02   1.2750000e+02   1.2574943e+02   1.2137300e+02   1.1787185e+02   1.1582952e+02   1.1116133e+02   1.1057780e+02   1.0853547e+02
