   1.6313273e+02   1.7385408e+02   1.8184254e+02   1.8751855e+02   1.9130256e+02   1.9298434e+02   1.9067189e+02   1.8983100e+02   1.8983100e+02   1.9172300e+02   1.8877988e+02   1.8562655e+02   1.7784831e+02   1.6880874e+02   1.5997939e+02
   1.8478566e+02   1.9298434e+02   2.0076257e+02   2.0727947e+02   2.1484749e+02   2.2094394e+02   2.2514839e+02   2.2809151e+02   2.2451772e+02   2.2115416e+02   2.1400660e+02   2.0727947e+02   1.9971146e+02   1.9109233e+02   1.8121187e+02
   1.9739901e+02   2.0475680e+02   2.1190437e+02   2.1905194e+02   2.2430750e+02   2.2956307e+02   2.3650041e+02   2.4196620e+02   2.4490932e+02   2.4112531e+02   2.3418796e+02   2.2451772e+02   2.1526793e+02   2.0517725e+02   1.9718879e+02
   2.0538747e+02   2.1190437e+02   2.1863149e+02   2.2388706e+02   2.3124485e+02   2.3797197e+02   2.4217642e+02   2.4469909e+02   2.4596043e+02   2.4596043e+02   2.4385820e+02   2.4091509e+02   2.3166529e+02   2.2493817e+02   2.1547815e+02
   2.1442704e+02   2.2010305e+02   2.2577906e+02   2.3292663e+02   2.3734130e+02   2.3965375e+02   2.4175598e+02   2.4301731e+02   2.4322754e+02   2.4406843e+02   2.4364798e+02   2.4427865e+02   2.3986397e+02   2.3523908e+02   2.3019373e+02
   2.1947238e+02   2.2683017e+02   2.3166529e+02   2.3607997e+02   2.3776175e+02   2.3881286e+02   2.4091509e+02   2.4112531e+02   2.4175598e+02   2.4196620e+02   2.4238664e+02   2.4238664e+02   2.4154575e+02   2.3818219e+02   2.3523908e+02
   2.2493817e+02   2.3040396e+02   2.3355730e+02   2.3586974e+02   2.3713108e+02   2.3776175e+02   2.3860264e+02   2.3944353e+02   2.4007420e+02   2.4049464e+02   2.4070486e+02   2.4091509e+02   2.4007420e+02   2.3923331e+02   2.3586974e+02
   2.2767106e+02   2.3124485e+02   2.3418796e+02   2.3523908e+02   2.3650041e+02   2.3692086e+02   2.3755153e+02   2.3818219e+02   2.3860264e+02   2.3881286e+02   2.3923331e+02   2.3944353e+02   2.3860264e+02   2.3713108e+02   2.3523908e+02
   2.2577906e+02   2.3040396e+02   2.3271641e+02   2.3460841e+02   2.3544930e+02   2.3607997e+02   2.3671063e+02   2.3650041e+02   2.3734130e+02   2.3713108e+02   2.3755153e+02   2.3713108e+02   2.3629019e+02   2.3544930e+02   2.3397774e+02
   2.2283594e+02   2.2788129e+02   2.3082440e+02   2.3250618e+02   2.3376752e+02   2.3439819e+02   2.3481863e+02   2.3481863e+02   2.3502885e+02   2.3565952e+02   2.3544930e+02   2.3523908e+02   2.3376752e+02   2.3187552e+02   2.2914262e+02
   2.1358615e+02   2.2157461e+02   2.2535862e+02   2.2998351e+02   2.3103462e+02   2.3124485e+02   2.3208574e+02   2.3187552e+02   2.3271641e+02   2.3166529e+02   2.3250618e+02   2.3103462e+02   2.2893240e+02   2.2619951e+02   2.2283594e+02
   1.9088211e+02   2.0181369e+02   2.1085326e+02   2.2031327e+02   2.2178483e+02   2.2325639e+02   2.2325639e+02   2.2493817e+02   2.2346661e+02   2.2178483e+02   2.2094394e+02   2.2094394e+02   2.1652927e+02   2.1463726e+02   2.0748969e+02
   1.5997939e+02   1.6901896e+02   1.7511542e+02   1.8100165e+02   1.8667766e+02   1.9214345e+02   1.9634790e+02   1.9971146e+02   2.0076257e+02   2.0160346e+02   1.9887057e+02   1.9866035e+02   1.9550701e+02   1.9340478e+02   1.8730833e+02
   1.2129843e+02   1.3223001e+02   1.4126958e+02   1.4904782e+02   1.5262160e+02   1.5556472e+02   1.5976917e+02   1.6418384e+02   1.6544518e+02   1.6859852e+02   1.7175185e+02   1.7322341e+02   1.7028030e+02   1.6607585e+02   1.6124073e+02
   8.6821929e+01   9.5861500e+01   1.0406018e+02   1.1541220e+02   1.2045754e+02   1.2382110e+02   1.2634378e+02   1.2823578e+02   1.2886645e+02   1.3075845e+02   1.3201979e+02   1.3328112e+02   1.3117890e+02   1.3138912e+02   1.2760511e+02
