   1.0340108e-01   9.0475949e-02   7.7550814e-02   6.4625678e-02   6.4625678e-02   6.4625678e-02   6.4625678e-02   7.7550814e-02   1.4217649e-01   3.6190380e-01   1.0469360e+00   2.4040752e+00   3.6965888e+00   4.6530488e+00   5.1183537e+00
   9.0475949e-02   6.4625678e-02   6.4625678e-02   6.4625678e-02   6.4625678e-02   6.4625678e-02   6.4625678e-02   7.7550814e-02   1.4217649e-01   4.6530488e-01   1.2149627e+00   2.4170004e+00   3.2183588e+00   3.8387653e+00   4.2135942e+00
   9.0475949e-02   6.4625678e-02   6.4625678e-02   6.4625678e-02   6.4625678e-02   6.4625678e-02   6.4625678e-02   9.0475949e-02   1.5510163e-01   5.4285569e-01   1.3700644e+00   2.2101982e+00   2.7013533e+00   3.0632571e+00   2.9727812e+00
   7.7550814e-02   6.4625678e-02   6.4625678e-02   6.4625678e-02   7.7550814e-02   7.7550814e-02   7.7550814e-02   1.0340108e-01   2.1972730e-01   6.2040651e-01   1.2278879e+00   1.8095190e+00   1.9646206e+00   1.7836687e+00   1.4346901e+00
   9.0475949e-02   7.7550814e-02   7.7550814e-02   7.7550814e-02   9.0475949e-02   7.7550814e-02   7.7550814e-02   1.1632622e-01   2.5850271e-01   6.5918191e-01   1.0598611e+00   1.1244868e+00   8.7890922e-01   6.7210705e-01   6.4625678e-01
   9.0475949e-02   7.7550814e-02   6.4625678e-02   9.0475949e-02   1.0340108e-01   1.1632622e-01   9.0475949e-02   1.5510163e-01   3.8775407e-01   8.5305895e-01   6.5918191e-01   3.8775407e-01   2.9727812e-01   2.9727812e-01   2.3265244e-01
   1.0340108e-01   1.0340108e-01   1.0340108e-01   1.0340108e-01   1.2925136e-01   9.0475949e-02   1.4217649e-01   3.2312839e-01   6.8503219e-01   5.5578083e-01   2.8435298e-01   1.4217649e-01   1.0340108e-01   1.5510163e-01   1.5510163e-01
   1.1632622e-01   1.1632622e-01   9.0475949e-02   1.0340108e-01   1.0340108e-01   1.2925136e-01   3.6190380e-01   6.8503219e-01   4.3945461e-01   1.9387703e-01   1.4217649e-01   1.0340108e-01   6.4625678e-02   1.0340108e-01   1.0340108e-01
   1.2925136e-01   1.0340108e-01   9.0475949e-02   1.1632622e-01   1.6802676e-01   4.1360434e-01   8.4013381e-01   4.9115515e-01   1.2925136e-01   7.7550814e-02   6.4625678e-02   9.0475949e-02   6.4625678e-02   9.0475949e-02   1.1632622e-01
   1.6802676e-01   2.0680217e-01   2.4557758e-01   4.5237975e-01   6.2040651e-01   7.6258300e-01   5.5578083e-01   1.8095190e-01   6.4625678e-02   6.4625678e-02   7.7550814e-02   9.0475949e-02   7.7550814e-02   7.7550814e-02   6.4625678e-02
   5.2993056e-01   6.9795732e-01   9.1768463e-01   9.8231030e-01   9.9523544e-01   6.3333164e-01   2.5850271e-01   6.4625678e-02   6.4625678e-02   6.4625678e-02   7.7550814e-02   1.1632622e-01   9.0475949e-02   1.0340108e-01   1.0340108e-01
   1.4088398e+00   1.7707436e+00   1.7578184e+00   1.5768665e+00   9.8231030e-01   4.2652947e-01   1.1632622e-01   6.4625678e-02   3.8775407e-02   5.1700542e-02   7.7550814e-02   7.7550814e-02   1.4217649e-01   1.6802676e-01   1.2925136e-01
   2.7272036e+00   2.6884282e+00   2.4945512e+00   1.8999949e+00   9.4353490e-01   2.8435298e-01   9.0475949e-02   3.8775407e-02   6.4625678e-02   5.1700542e-02   7.7550814e-02   1.1632622e-01   1.6802676e-01   1.8095190e-01   1.5510163e-01
   3.6707385e+00   3.5673374e+00   3.0891074e+00   1.7965938e+00   7.6258300e-01   1.6802676e-01   3.8775407e-02   5.1700542e-02   5.1700542e-02   9.0475949e-02   1.0340108e-01   1.4217649e-01   1.8095190e-01   1.8095190e-01   1.0340108e-01
   4.4850220e+00   4.0972680e+00   2.9210806e+00   1.5897917e+00   4.2652947e-01   7.7550814e-02   3.8775407e-02   5.1700542e-02   9.0475949e-02   1.0340108e-01   1.4217649e-01   1.8095190e-01   1.6802676e-01   1.0340108e-01   1.0340108e-01
