   2.6186161e+01   2.8426689e+01   3.0457166e+01   3.3257825e+01   3.8929160e+01   4.5090610e+01   5.6993410e+01   7.4847611e+01   9.5362438e+01   1.1524712e+02   1.3114086e+02   1.3968287e+02   1.4150329e+02   1.3933278e+02   1.3541186e+02
   2.7236409e+01   2.9897035e+01   3.2627677e+01   3.6198517e+01   4.3480231e+01   5.3632619e+01   6.9036244e+01   9.2211697e+01   1.1629736e+02   1.3772241e+02   1.4969522e+02   1.5725700e+02   1.5480643e+02   1.4983526e+02   1.3877265e+02
   2.9967051e+01   3.1857496e+01   3.4938221e+01   4.1379736e+01   4.9221582e+01   6.2874794e+01   8.6330313e+01   1.1405684e+02   1.4367381e+02   1.5977759e+02   1.7091021e+02   1.7063015e+02   1.6495881e+02   1.5305601e+02   1.3828254e+02
   3.1507414e+01   3.4378089e+01   3.8789127e+01   4.8241351e+01   5.6783361e+01   7.9958814e+01   1.1041598e+02   1.4577430e+02   1.7161038e+02   1.8498353e+02   1.8526359e+02   1.8015239e+02   1.6838962e+02   1.5319605e+02   1.3170099e+02
   3.4518122e+01   3.9209226e+01   4.6280890e+01   5.5803130e+01   7.5407743e+01   1.0432455e+02   1.4598435e+02   1.8176277e+02   1.9772652e+02   2.0010708e+02   1.9555601e+02   1.8351318e+02   1.6558896e+02   1.4206343e+02   1.2091845e+02
   3.8789127e+01   4.7401153e+01   5.6853377e+01   7.2677100e+01   9.8863262e+01   1.4339374e+02   1.8904448e+02   2.0647858e+02   2.1221993e+02   2.0857908e+02   1.9919687e+02   1.8085255e+02   1.5228583e+02   1.2532949e+02   1.0285420e+02
   4.9711697e+01   6.0564250e+01   7.4777595e+01   9.7602965e+01   1.3583196e+02   1.8533361e+02   2.0612850e+02   2.1593081e+02   2.1831137e+02   2.1018946e+02   1.9576606e+02   1.6656919e+02   1.2932043e+02   1.0145387e+02   8.5490115e+01
   6.4345140e+01   7.7718287e+01   9.6902801e+01   1.3170099e+02   1.7007002e+02   2.0248764e+02   2.1523064e+02   2.2139209e+02   2.1565074e+02   2.0640857e+02   1.8036244e+02   1.3520181e+02   1.0005354e+02   8.0869028e+01   6.8266063e+01
   8.1989292e+01   9.9563427e+01   1.2392916e+02   1.5676689e+02   1.8932455e+02   2.0864909e+02   2.1831137e+02   2.1712109e+02   2.0654860e+02   1.9429572e+02   1.4150329e+02   9.6342669e+01   7.6668040e+01   6.3084843e+01   5.3772652e+01
   9.7953048e+01   1.1909802e+02   1.4703460e+02   1.7462109e+02   1.9492586e+02   2.0899918e+02   2.1306013e+02   2.0626853e+02   1.9632619e+02   1.4815486e+02   9.2701812e+01   7.4567545e+01   5.9233937e+01   4.9921746e+01   4.4180395e+01
   1.1265651e+02   1.3583196e+02   1.5865733e+02   1.7896211e+02   1.9534596e+02   2.0213756e+02   1.9954695e+02   1.8393328e+02   1.4612438e+02   9.6272652e+01   7.6037891e+01   5.5873147e+01   4.6841021e+01   4.2850082e+01   3.9699341e+01
   1.2399918e+02   1.4507414e+02   1.6355848e+02   1.7826194e+02   1.8799423e+02   1.8876442e+02   1.7259061e+02   1.4416392e+02   1.0558484e+02   7.8768534e+01   5.8043657e+01   4.5580725e+01   4.2149918e+01   3.8509061e+01   3.7668863e+01
   1.3303130e+02   1.4962521e+02   1.6348847e+02   1.7308072e+02   1.7567133e+02   1.6327842e+02   1.4171334e+02   1.1202636e+02   8.5000000e+01   6.2594728e+01   4.8661450e+01   4.2009885e+01   3.8088962e+01   3.7178748e+01   3.6548600e+01
   1.3569193e+02   1.4766474e+02   1.5669687e+02   1.6166804e+02   1.5487644e+02   1.3926277e+02   1.1587727e+02   9.1021417e+01   6.8616145e+01   5.3282537e+01   4.3760297e+01   3.9279242e+01   3.7668863e+01   3.6898682e+01   3.5008237e+01
   1.3296129e+02   1.4066310e+02   1.4752471e+02   1.4521417e+02   1.3429160e+02   1.1671746e+02   9.4872323e+01   7.4497529e+01   5.8253707e+01   4.6490939e+01   3.9419275e+01   3.7738880e+01   3.7248764e+01   3.5218287e+01   3.4098023e+01
