   1.1120301e+01   8.3082707e+00   8.0526316e+00   1.2526316e+01   1.7894737e+01   4.4097744e+01   7.9120301e+01   1.0046617e+02   1.0289474e+02   9.7526316e+01   9.3308271e+01   8.7812030e+01   8.0015038e+01   6.4421053e+01   4.6909774e+01
   2.0962406e+01   1.9556391e+01   1.7511278e+01   2.0578947e+01   2.8631579e+01   6.0842105e+01   9.6375940e+01   1.1145865e+02   1.0966917e+02   1.0225564e+02   9.5992481e+01   8.9090226e+01   7.8864662e+01   5.9819549e+01   4.3969925e+01
   2.8375940e+01   2.7736842e+01   2.7097744e+01   3.1571429e+01   4.9338346e+01   8.7812030e+01   1.1951128e+02   1.2871429e+02   1.2321805e+02   1.1324812e+02   1.0660150e+02   9.7781955e+01   8.3466165e+01   6.1097744e+01   4.4864662e+01
   3.7834586e+01   3.6428571e+01   3.6428571e+01   4.3075188e+01   7.1834586e+01   1.0877444e+02   1.3600000e+02   1.4328571e+02   1.3523308e+02   1.2219549e+02   1.1388722e+02   1.0302256e+02   8.3977444e+01   6.1992481e+01   4.2819549e+01
   5.0616541e+01   4.9338346e+01   4.6781955e+01   5.9947368e+01   9.2030075e+01   1.2526316e+02   1.4775940e+02   1.5287218e+02   1.4239098e+02   1.2628571e+02   1.1938346e+02   1.0609023e+02   8.1676692e+01   6.0458647e+01   4.0007519e+01
   6.1992481e+01   6.0842105e+01   6.0969925e+01   8.9345865e+01   1.1708271e+02   1.4251880e+02   1.6092481e+02   1.6181955e+02   1.4545865e+02   1.2807519e+02   1.2104511e+02   1.0455639e+02   7.6819549e+01   5.3300752e+01   3.6939850e+01
   7.3496241e+01   7.6308271e+01   8.8195489e+01   1.2603008e+02   1.5223308e+02   1.7600752e+02   2.0412782e+02   2.0016541e+02   1.5811278e+02   1.3625564e+02   1.2692481e+02   1.0430075e+02   7.2473684e+01   4.8315789e+01   3.8218045e+01
   6.5571429e+01   7.2984962e+01   9.6503759e+01   1.3548872e+02   1.6233083e+02   1.8815038e+02   2.4899248e+02   2.5500000e+02   2.2278947e+02   1.7856391e+02   1.5466165e+02   1.1580451e+02   8.0015038e+01   5.8924812e+01   5.2150376e+01
   4.4481203e+01   5.6751880e+01   8.6150376e+01   1.1938346e+02   1.4405263e+02   1.6769925e+02   2.1307519e+02   2.3736090e+02   2.1409774e+02   1.8827820e+02   1.7000000e+02   1.2117293e+02   9.0879699e+01   7.6308271e+01   7.1706767e+01
   3.5917293e+01   5.4195489e+01   8.0015038e+01   1.0442857e+02   1.1912782e+02   1.3638346e+02   1.5849624e+02   1.6028571e+02   1.5478947e+02   1.4724812e+02   1.3216541e+02   9.4330827e+01   7.7714286e+01   7.4902256e+01   7.2345865e+01
   3.9624060e+01   6.2631579e+01   8.4233083e+01   1.0621805e+02   1.1810526e+02   1.3344361e+02   1.4916541e+02   1.4980451e+02   1.3830075e+02   1.1810526e+02   8.6150376e+01   5.8285714e+01   5.2406015e+01   5.5090226e+01   5.7263158e+01
   4.2180451e+01   6.2375940e+01   8.2571429e+01   1.0289474e+02   1.1337594e+02   1.2781955e+02   1.3932331e+02   1.4060150e+02   1.3050376e+02   1.0046617e+02   6.4293233e+01   4.0902256e+01   4.0390977e+01   4.1541353e+01   4.3969925e+01
   4.5759398e+01   6.4804511e+01   7.9631579e+01   9.7781955e+01   1.0621805e+02   1.1887218e+02   1.2679699e+02   1.2692481e+02   1.1580451e+02   7.6180451e+01   4.3714286e+01   2.9654135e+01   2.9270677e+01   3.1187970e+01   3.2593985e+01
   4.5887218e+01   6.5187970e+01   7.7330827e+01   9.2285714e+01   9.8548872e+01   1.0813534e+02   1.1465414e+02   1.1145865e+02   9.4075188e+01   4.9593985e+01   2.5308271e+01   1.7639098e+01   1.8278195e+01   2.0578947e+01   2.2368421e+01
   5.2150376e+01   6.5315789e+01   7.6947368e+01   8.8834586e+01   9.4842105e+01   1.0136090e+02   1.0660150e+02   1.0033835e+02   7.5924812e+01   3.2210526e+01   1.7383459e+01   1.2142857e+01   1.1631579e+01   1.2270677e+01   1.3676692e+01
