   3.1991285e+01   4.7599311e+01   6.7600324e+01   9.2356101e+01   1.2553608e+02   1.5747568e+02   1.7618464e+02   1.7799351e+02   1.6708857e+02   1.4109242e+02   1.0832590e+02   7.9900689e+01   5.7263883e+01   4.2431090e+01   3.1629510e+01
   2.7856709e+01   4.2792866e+01   6.4396028e+01   9.1787596e+01   1.2899878e+02   1.6776044e+02   1.8827827e+02   1.9106911e+02   1.7742501e+02   1.5003344e+02   1.1199534e+02   8.0520876e+01   5.5661735e+01   3.9898662e+01   2.9355493e+01
   2.4083908e+01   3.7521281e+01   6.0261451e+01   9.1012363e+01   1.3246149e+02   1.7670146e+02   1.9835630e+02   2.0223247e+02   1.8745136e+02   1.5773409e+02   1.1566478e+02   8.0675922e+01   5.3594447e+01   3.8193150e+01   2.6874747e+01
   2.2016619e+01   3.2508107e+01   5.4524726e+01   9.0185448e+01   1.3556242e+02   1.8414370e+02   2.0719396e+02   2.1236218e+02   1.9851135e+02   1.6569315e+02   1.1933421e+02   8.0469193e+01   5.1268747e+01   3.5350628e+01   2.4549047e+01
   1.9639238e+01   2.8528577e+01   5.0545197e+01   8.6516011e+01   1.3850831e+02   1.9137921e+02   2.1608330e+02   2.2238853e+02   2.1024321e+02   1.7551277e+02   1.2098804e+02   7.8918727e+01   4.9304824e+01   3.3024929e+01   2.2740170e+01
   1.7830361e+01   2.6254560e+01   4.7754358e+01   8.3363397e+01   1.3747467e+02   2.0011350e+02   2.2161330e+02   2.2807357e+02   2.1944264e+02   1.8874341e+02   1.2010944e+02   7.7471625e+01   4.7806040e+01   3.0957641e+01   2.0621200e+01
   1.7468585e+01   2.4704094e+01   4.4963518e+01   7.9849007e+01   1.3266822e+02   2.0507499e+02   2.2528273e+02   2.3205310e+02   2.2388731e+02   2.0037191e+02   1.2072963e+02   7.5766113e+01   4.6669031e+01   2.7546615e+01   1.9329145e+01
   1.7158492e+01   2.4394001e+01   4.5170247e+01   7.7368261e+01   1.2636299e+02   2.0864106e+02   2.2523105e+02   2.3350020e+02   2.2512769e+02   2.0853770e+02   1.2460580e+02   7.5404337e+01   4.5635387e+01   2.5841103e+01   1.8502229e+01
   1.7830361e+01   2.5065869e+01   4.4601743e+01   7.6903121e+01   1.2171159e+02   2.0378293e+02   2.2409404e+02   2.3132955e+02   2.2554114e+02   2.0951966e+02   1.2941224e+02   7.7523308e+01   4.4601743e+01   2.4652412e+01   1.8553912e+01
   1.9690920e+01   2.7339887e+01   4.4653425e+01   7.4990880e+01   1.2202169e+02   1.9220612e+02   2.2202675e+02   2.2915890e+02   2.2574787e+02   2.0528172e+02   1.3313336e+02   8.1657884e+01   4.5273612e+01   2.6047831e+01   1.8243818e+01
   2.1654844e+01   3.1061005e+01   4.6255574e+01   7.3905553e+01   1.2078131e+02   1.8037090e+02   2.1396433e+02   2.2512769e+02   2.2275030e+02   1.9665079e+02   1.3731962e+02   8.4552088e+01   4.7030807e+01   2.8063437e+01   1.9329145e+01
   2.4342319e+01   3.3748480e+01   4.8064451e+01   7.4939197e+01   1.1778375e+02   1.6977604e+02   2.0367957e+02   2.1763377e+02   2.1494629e+02   1.8869173e+02   1.3711289e+02   8.6877787e+01   5.2043981e+01   3.1474463e+01   2.1396433e+01
   2.6616336e+01   3.6125861e+01   4.8994730e+01   7.5766113e+01   1.1401094e+02   1.6093839e+02   1.9308472e+02   2.0812424e+02   2.0471321e+02   1.8119781e+02   1.3494224e+02   8.9616944e+01   5.7263883e+01   3.6487637e+01   2.5117552e+01
   2.9303810e+01   3.9071747e+01   5.1527158e+01   7.6231253e+01   1.1070328e+02   1.5272092e+02   1.8233482e+02   1.9758107e+02   1.9458350e+02   1.7251520e+02   1.3251317e+02   9.2201054e+01   6.1708553e+01   4.0467167e+01   2.8218484e+01
   3.2198014e+01   4.1965951e+01   5.3542764e+01   7.7058168e+01   1.0827422e+02   1.4502027e+02   1.7230847e+02   1.8584921e+02   1.8378192e+02   1.6372923e+02   1.2987738e+02   9.3441427e+01   6.5946494e+01   4.5635387e+01   3.1526145e+01
