   1.1845538e+02   1.2779176e+02   1.3362700e+02   1.3946224e+02   1.4938215e+02   1.5667620e+02   1.6717963e+02   1.7622426e+02   1.8147597e+02   1.8614416e+02   1.8614416e+02   1.8497712e+02   1.8264302e+02   1.7826659e+02   1.7184783e+02
   1.2866705e+02   1.3712815e+02   1.4763158e+02   1.5959382e+02   1.6717963e+02   1.8060069e+02   1.9081236e+02   1.9752288e+02   2.0277460e+02   2.0160755e+02   1.9839817e+02   1.9723112e+02   1.9489703e+02   1.9052059e+02   1.8264302e+02
   1.3829519e+02   1.5229977e+02   1.6601259e+02   1.7447368e+02   1.8497712e+02   1.9256293e+02   2.0160755e+02   2.1065217e+02   2.1561213e+02   2.1677918e+02   2.1473684e+02   2.1181922e+02   2.0540046e+02   1.9723112e+02   1.8993707e+02
   1.5755149e+02   1.7184783e+02   1.8205950e+02   1.9197941e+02   2.0131579e+02   2.1065217e+02   2.1794622e+02   2.2378146e+02   2.2786613e+02   2.2874142e+02   2.2582380e+02   2.2232265e+02   2.1619565e+02   2.1094394e+02   2.0219108e+02
   1.6893021e+02   1.8060069e+02   1.8877002e+02   2.0306636e+02   2.1094394e+02   2.2115561e+02   2.2699085e+02   2.3195080e+02   2.3399314e+02   2.3370137e+02   2.2815789e+02   2.2611556e+02   2.1998856e+02   2.1356979e+02   2.0598398e+02
   1.7564073e+02   1.8789474e+02   2.0219108e+02   2.0773455e+02   2.1911327e+02   2.2553204e+02   2.2874142e+02   2.3399314e+02   2.3428490e+02   2.3340961e+02   2.3078375e+02   2.2699085e+02   2.2348970e+02   2.1590389e+02   2.0685927e+02
   1.7943364e+02   1.9110412e+02   2.0452517e+02   2.1211098e+02   2.2086384e+02   2.2465675e+02   2.2932494e+02   2.3399314e+02   2.3340961e+02   2.3311785e+02   2.3195080e+02   2.2728261e+02   2.2290618e+02   2.1619565e+02   2.1006865e+02
   1.7855835e+02   1.9139588e+02   2.0335812e+02   2.1152746e+02   2.1969680e+02   2.2290618e+02   2.2961670e+02   2.3340961e+02   2.3370137e+02   2.3311785e+02   2.3136728e+02   2.2903318e+02   2.2115561e+02   2.1532037e+02   2.0860984e+02
   1.7709954e+02   1.8847826e+02   1.9956522e+02   2.0685927e+02   2.1590389e+02   2.2086384e+02   2.2553204e+02   2.3020023e+02   2.2932494e+02   2.2961670e+02   2.3049199e+02   2.2640732e+02   2.2057208e+02   2.1386156e+02   2.0569222e+02
   1.6863844e+02   1.8001716e+02   1.9343822e+02   2.0131579e+02   2.1006865e+02   2.1590389e+02   2.1969680e+02   2.2232265e+02   2.2378146e+02   2.2378146e+02   2.2173913e+02   2.2086384e+02   2.1677918e+02   2.1036041e+02   1.9927346e+02
   1.5346682e+02   1.6601259e+02   1.7739130e+02   1.8847826e+02   1.9518879e+02   2.0335812e+02   2.0627574e+02   2.0977689e+02   2.1123570e+02   2.1298627e+02   2.1327803e+02   2.0890160e+02   2.0335812e+02   1.9343822e+02   1.8089245e+02
   1.3771167e+02   1.5084096e+02   1.6221968e+02   1.7155606e+02   1.7914188e+02   1.8381007e+02   1.8906178e+02   1.8993707e+02   1.9372998e+02   1.9372998e+02   1.9314645e+02   1.8847826e+02   1.8118421e+02   1.7389016e+02   1.5813501e+02
   1.1612128e+02   1.2370709e+02   1.3216819e+02   1.3946224e+02   1.4909039e+02   1.5463387e+02   1.5901030e+02   1.6017735e+02   1.6105263e+02   1.5813501e+02   1.5696796e+02   1.5084096e+02   1.4237986e+02   1.3245995e+02   1.2545767e+02
   9.0446224e+01   9.8032037e+01   1.0707666e+02   1.1145309e+02   1.1816362e+02   1.2341533e+02   1.2429062e+02   1.2312357e+02   1.2224828e+02   1.1933066e+02   1.1407895e+02   1.1262014e+02   1.0678490e+02   1.0094966e+02   9.7740275e+01
   6.8564073e+01   7.0606407e+01   7.3232265e+01   7.9651030e+01   8.3443936e+01   8.3152174e+01   8.2568650e+01   8.1109840e+01   8.1109840e+01   7.9359268e+01   7.7025172e+01   7.3524027e+01   7.1189931e+01   7.0898169e+01   6.6813501e+01
