   7.4135338e+00   6.2631579e+00   4.9849624e+00   7.1578947e+00   9.0751880e+00   1.8406015e+01   4.0902256e+01   6.3142857e+01   7.9120301e+01   8.4744361e+01   8.2954887e+01   7.5413534e+01   6.2631579e+01   4.5887218e+01   3.3616541e+01
   1.0864662e+01   9.3308271e+00   7.6691729e+00   8.9473684e+00   1.1375940e+01   2.6586466e+01   5.0616541e+01   7.3368421e+01   8.4360902e+01   8.6789474e+01   8.2827068e+01   7.2601504e+01   5.7518797e+01   4.0902256e+01   2.8375940e+01
   1.8917293e+01   1.7127820e+01   1.5338346e+01   1.5210526e+01   1.9300752e+01   4.2436090e+01   6.4676692e+01   8.4488722e+01   8.9729323e+01   9.0624060e+01   8.3082707e+01   7.0939850e+01   5.3939850e+01   3.6684211e+01   2.4413534e+01
   2.4796992e+01   2.4541353e+01   2.4413534e+01   2.5436090e+01   3.6812030e+01   6.3398496e+01   8.6917293e+01   9.9060150e+01   1.0110526e+02   9.9699248e+01   8.9345865e+01   7.5669173e+01   5.6240602e+01   3.9240602e+01   2.5947368e+01
   3.0293233e+01   3.0293233e+01   2.9909774e+01   3.2593985e+01   5.7518797e+01   8.0781955e+01   1.0417293e+02   1.1158647e+02   1.1107519e+02   1.0851880e+02   9.6375940e+01   7.7458647e+01   5.4834586e+01   3.6812030e+01   2.5436090e+01
   3.3105263e+01   3.2849624e+01   3.2721805e+01   3.9496241e+01   7.2857143e+01   9.3691729e+01   1.1414286e+02   1.1644361e+02   1.1618797e+02   1.1184211e+02   9.7909774e+01   7.3496241e+01   5.1127820e+01   3.5406015e+01   2.7225564e+01
   3.3872180e+01   3.4000000e+01   3.5150376e+01   5.2789474e+01   8.0781955e+01   1.0302256e+02   1.1759398e+02   1.1887218e+02   1.1669925e+02   1.1171429e+02   9.4075188e+01   6.7616541e+01   4.6398496e+01   3.4255639e+01   2.9781955e+01
   3.2977444e+01   3.3744361e+01   4.1413534e+01   6.3781955e+01   9.0496241e+01   1.1005263e+02   1.1861654e+02   1.1887218e+02   1.1631579e+02   1.1120301e+02   8.5255639e+01   5.7774436e+01   4.1030075e+01   3.2977444e+01   3.2338346e+01
   3.0932331e+01   3.5278195e+01   4.8443609e+01   7.3368421e+01   9.7654135e+01   1.1171429e+02   1.1836090e+02   1.1784962e+02   1.1452632e+02   1.0570677e+02   7.2218045e+01   4.9721805e+01   3.5917293e+01   3.4511278e+01   3.4000000e+01
   2.7225564e+01   3.6556391e+01   5.5857143e+01   7.7714286e+01   1.0084962e+02   1.1056391e+02   1.1669925e+02   1.1567669e+02   1.1184211e+02   9.5992481e+01   5.8285714e+01   4.1157895e+01   3.3233083e+01   3.2210526e+01   3.2082707e+01
   2.2751880e+01   3.6172932e+01   5.7518797e+01   7.8864662e+01   9.8421053e+01   1.0647368e+02   1.1184211e+02   1.1056391e+02   1.0455639e+02   7.7714286e+01   4.9593985e+01   3.2593985e+01   2.9781955e+01   2.9142857e+01   2.7992481e+01
   2.1984962e+01   3.9751880e+01   5.8157895e+01   7.5157895e+01   9.0368421e+01   9.7781955e+01   1.0110526e+02   9.9571429e+01   8.6278195e+01   5.5857143e+01   3.1060150e+01   2.4157895e+01   2.3774436e+01   2.3263158e+01   2.3646617e+01
   2.5947368e+01   4.2947368e+01   6.0714286e+01   7.3879699e+01   8.6789474e+01   9.1774436e+01   9.2285714e+01   8.5127820e+01   6.4932331e+01   3.5533835e+01   1.6105263e+01   1.3676692e+01   1.4571429e+01   1.5721805e+01   1.5593985e+01
   3.1443609e+01   4.8571429e+01   6.1992481e+01   7.3496241e+01   8.4105263e+01   8.7045113e+01   8.5894737e+01   7.4263158e+01   5.0872180e+01   2.2879699e+01   1.1248120e+01   9.9699248e+00   9.8421053e+00   1.0353383e+01   1.1503759e+01
   3.5917293e+01   5.2533835e+01   6.4548872e+01   7.4135338e+01   8.3082707e+01   8.5127820e+01   7.9503759e+01   6.4548872e+01   3.7323308e+01   1.6360902e+01   9.3308271e+00   8.8195489e+00   8.5639098e+00   8.9473684e+00   9.4586466e+00
