   1.4031897e+00   7.8483492e-01   5.2322328e-01   5.2322328e-01   4.7565753e-01   4.9944040e-01   6.4213766e-01   5.2322328e-01   3.3296027e-01   2.6161164e-01   2.1404589e-01   2.6161164e-01   3.8052602e-01   4.7565753e-01   5.4700616e-01
   2.5685506e+00   1.1653609e+00   5.9457191e-01   4.7565753e-01   4.2809177e-01   4.5187465e-01   4.9944040e-01   4.9944040e-01   4.7565753e-01   4.7565753e-01   5.2322328e-01   4.7565753e-01   4.7565753e-01   4.7565753e-01   5.4700616e-01
   5.7792389e+00   3.2106883e+00   1.2129267e+00   5.2322328e-01   3.0917739e-01   2.3782876e-01   2.6161164e-01   3.8052602e-01   3.8052602e-01   4.2809177e-01   5.2322328e-01   5.4700616e-01   5.9457191e-01   5.4700616e-01   5.4700616e-01
   8.8710129e+00   6.4213766e+00   4.0193061e+00   1.7361500e+00   6.4213766e-01   4.5187465e-01   4.5187465e-01   4.9944040e-01   4.7565753e-01   4.5187465e-01   4.7565753e-01   4.5187465e-01   4.2809177e-01   4.0430890e-01   4.7565753e-01
   1.2367096e+01   1.1106603e+01   8.5618355e+00   5.3511472e+00   2.4258534e+00   9.5131505e-01   5.7078903e-01   6.1835478e-01   5.4700616e-01   5.4700616e-01   4.7565753e-01   5.4700616e-01   6.4213766e-01   8.0861780e-01   1.1891438e+00
   1.4436206e+01   1.4103246e+01   1.3294628e+01   1.1249301e+01   7.6580862e+00   3.3058198e+00   1.1415781e+00   6.1835478e-01   5.2322328e-01   5.4700616e-01   8.0861780e-01   1.4507555e+00   2.0691102e+00   2.9252938e+00   4.0668719e+00
   1.5339955e+01   1.5530218e+01   1.6005876e+01   1.6624231e+01   1.5839396e+01   1.2985450e+01   7.8007834e+00   4.2809177e+00   3.2344712e+00   3.3296027e+00   4.0906547e+00   5.4938444e+00   6.4451595e+00   8.0148293e+00   9.0850588e+00
   1.9335478e+01   2.0405708e+01   2.2498601e+01   2.5019586e+01   2.8587017e+01   3.2011752e+01   3.4508954e+01   3.4033296e+01   2.2902910e+01   1.9597090e+01   1.7837157e+01   1.6552882e+01   1.6219922e+01   1.5815613e+01   1.6077224e+01
   2.4377448e+01   2.5471461e+01   2.6351427e+01   2.6137381e+01   2.4662843e+01   2.1713766e+01   1.7123671e+01   1.1796307e+01   1.6885842e+01   1.8645775e+01   1.8883604e+01   1.8479295e+01   1.8051203e+01   1.7480414e+01   1.6386402e+01
   1.7337717e+01   1.5221041e+01   1.2129267e+01   8.3002238e+00   4.6614438e+00   1.8074986e+00   3.5674314e-01   2.8539452e-01   6.4213766e-01   2.7112479e+00   6.0170677e+00   9.2991046e+00   1.1463346e+01   1.2509793e+01   1.4079463e+01
   8.0386122e+00   5.1371013e+00   2.9728595e+00   1.6648013e+00   8.0861780e-01   4.2809177e-01   2.8539452e-01   2.3782876e-01   2.8539452e-01   8.5618355e-01   1.9026301e+00   3.1869054e+00   5.1371013e+00   7.6818691e+00   9.7034135e+00
   2.3069390e+00   1.2842753e+00   7.1348629e-01   4.9944040e-01   4.2809177e-01   3.8052602e-01   3.3296027e-01   2.8539452e-01   2.3782876e-01   3.8052602e-01   8.0861780e-01   1.5934527e+00   2.3307219e+00   3.4960828e+00   4.9706212e+00
   1.0226637e+00   7.8483492e-01   7.6105204e-01   6.6592054e-01   4.0430890e-01   3.5674314e-01   3.8052602e-01   3.3296027e-01   2.8539452e-01   3.0917739e-01   4.5187465e-01   7.3726917e-01   1.3556240e+00   1.8074986e+00   2.7350308e+00
   6.1835478e-01   6.1835478e-01   6.8970341e-01   6.1835478e-01   5.2322328e-01   4.0430890e-01   3.5674314e-01   3.5674314e-01   3.3296027e-01   3.0917739e-01   2.8539452e-01   5.2322328e-01   7.1348629e-01   1.0226637e+00   1.4983212e+00
   4.2809177e-01   5.4700616e-01   4.2809177e-01   4.0430890e-01   4.5187465e-01   4.9944040e-01   4.0430890e-01   3.5674314e-01   3.8052602e-01   3.5674314e-01   3.0917739e-01   4.0430890e-01   5.4700616e-01   7.1348629e-01   1.1891438e+00
