   7.4860003e+00   1.0341931e+01   1.4755642e+01   1.8693365e+01   2.4924487e+01   3.4011539e+01   4.6084337e+01   6.5123876e+01   8.6846258e+01   1.1168420e+02   1.3059392e+02   1.4682080e+02   1.5850416e+02   1.5958595e+02   1.5257594e+02
   1.0774648e+01   1.4279654e+01   1.8779908e+01   2.3972510e+01   3.1501782e+01   4.1930256e+01   6.1662142e+01   8.5851010e+01   1.1324198e+02   1.3807993e+02   1.5664348e+02   1.7105294e+02   1.7512048e+02   1.6862973e+02   1.5435008e+02
   1.3846937e+01   1.8347192e+01   2.3020533e+01   2.9294926e+01   3.9939759e+01   5.7118615e+01   8.3860512e+01   1.1484303e+02   1.4400815e+02   1.6642287e+02   1.8221704e+02   1.8870779e+02   1.8377482e+02   1.6884609e+02   1.5158069e+02
   1.7784660e+01   2.2544544e+01   2.7607331e+01   3.9593586e+01   5.4262685e+01   8.1870015e+01   1.1609791e+02   1.4954692e+02   1.7538011e+02   1.9212625e+02   1.9948244e+02   1.9658323e+02   1.8347192e+02   1.6179281e+02   1.4227728e+02
   2.1722382e+01   2.7131342e+01   3.9377227e+01   5.4392500e+01   8.0355507e+01   1.1761242e+02   1.5222976e+02   1.7975055e+02   1.9900645e+02   2.0835313e+02   2.0688189e+02   1.9584762e+02   1.7403869e+02   1.5058544e+02   1.2808417e+02
   2.7910232e+01   3.9204141e+01   5.7940777e+01   8.2259460e+01   1.2090107e+02   1.5123452e+02   1.7875530e+02   2.0471831e+02   2.1557950e+02   2.1618530e+02   2.0709825e+02   1.8766927e+02   1.5993212e+02   1.3396912e+02   1.1129476e+02
   4.1367724e+01   6.1835228e+01   8.5764466e+01   1.1722298e+02   1.4651790e+02   1.7447141e+02   2.0727134e+02   2.2033939e+02   2.2237315e+02   2.1475734e+02   1.9757848e+02   1.7075004e+02   1.3972425e+02   1.1324198e+02   9.1779230e+01
   6.4994061e+01   8.7928050e+01   1.1449686e+02   1.4305617e+02   1.7183183e+02   2.0298744e+02   2.2033939e+02   2.2462328e+02   2.1904124e+02   2.0502121e+02   1.8044290e+02   1.4439759e+02   1.1484303e+02   9.0091634e+01   6.6595113e+01
   8.8923299e+01   1.1203038e+02   1.3820974e+02   1.6672578e+02   1.9411675e+02   2.1393518e+02   2.2250297e+02   2.1886815e+02   2.0662226e+02   1.8875106e+02   1.5119124e+02   1.1479976e+02   8.8880027e+01   6.3349737e+01   4.7512303e+01
   1.0978025e+02   1.3241134e+02   1.5936959e+02   1.8541914e+02   2.0523757e+02   2.1497370e+02   2.1583913e+02   2.0649245e+02   1.9134736e+02   1.6114373e+02   1.1276599e+02   8.7452062e+01   6.0796708e+01   4.3790938e+01   3.1718140e+01
   1.2721873e+02   1.5041235e+02   1.7529357e+02   1.9368403e+02   2.0610300e+02   2.0882912e+02   2.0229510e+02   1.8736637e+02   1.5807144e+02   1.1570847e+02   8.6802987e+01   5.9022569e+01   3.8857967e+01   2.9684371e+01   2.3453250e+01
   1.4136857e+02   1.6499491e+02   1.8239012e+02   1.9593416e+02   1.9956898e+02   1.9498218e+02   1.8065926e+02   1.5625403e+02   1.2202613e+02   8.7365518e+01   5.7940777e+01   3.8511794e+01   3.0506533e+01   2.3323435e+01   1.9602070e+01
   1.5322501e+02   1.7096640e+02   1.8321229e+02   1.8888088e+02   1.8641439e+02   1.7464449e+02   1.5331156e+02   1.2544460e+02   9.1216698e+01   5.9758188e+01   4.0329204e+01   3.1458510e+01   2.3626336e+01   1.9775157e+01   1.6616324e+01
   1.5802817e+02   1.6893263e+02   1.7750042e+02   1.7711098e+02   1.6746139e+02   1.4902766e+02   1.2427626e+02   9.5933311e+01   6.6162396e+01   4.4699644e+01   3.2886475e+01   2.5054302e+01   1.9991515e+01   1.6226879e+01   1.1423723e+01
   1.5655693e+02   1.6464874e+02   1.6642287e+02   1.5980231e+02   1.4318598e+02   1.2315120e+02   9.9221958e+01   7.4643645e+01   5.0757679e+01   3.6261666e+01   2.7304429e+01   2.0034787e+01   1.6010521e+01   1.1510266e+01   8.9139657e+00
