   8.6636467e-01   8.6636467e-01   1.1551529e+00   1.4439411e+00   1.1551529e+00   1.4439411e+00   1.1551529e+00   2.0215176e+00   2.0215176e+00   2.0215176e+00   2.3103058e+00   3.1766704e+00   4.6206116e+00   4.3318233e+00   3.4654587e+00
   8.6636467e-01   1.1551529e+00   8.6636467e-01   1.1551529e+00   1.7327293e+00   1.4439411e+00   1.4439411e+00   2.3103058e+00   2.5990940e+00   2.3103058e+00   3.4654587e+00   4.0430351e+00   4.3318233e+00   4.3318233e+00   5.4869762e+00
   8.6636467e-01   5.7757644e-01   5.7757644e-01   5.7757644e-01   1.7327293e+00   1.7327293e+00   1.4439411e+00   2.5990940e+00   2.8878822e+00   2.8878822e+00   4.3318233e+00   4.3318233e+00   5.4869762e+00   6.3533409e+00   5.1981880e+00
   8.6636467e-01   8.6636467e-01   8.6636467e-01   8.6636467e-01   1.7327293e+00   2.3103058e+00   2.5990940e+00   3.7542469e+00   4.9093998e+00   5.4869762e+00   6.3533409e+00   8.6636467e+00   9.5300113e+00   9.2412231e+00   8.3748584e+00
   1.4439411e+00   1.1551529e+00   1.1551529e+00   1.1551529e+00   1.7327293e+00   2.8878822e+00   4.3318233e+00   7.2197055e+00   8.0860702e+00   1.0685164e+01   1.5016988e+01   1.6749717e+01   1.5883352e+01   1.4150623e+01   1.4439411e+01
   4.0430351e+00   3.7542469e+00   2.5990940e+00   2.5990940e+00   3.1766704e+00   6.3533409e+00   1.0973952e+01   1.4439411e+01   2.0215176e+01   2.4835787e+01   2.6857305e+01   2.3680634e+01   2.1947905e+01   2.0792752e+01   2.0215176e+01
   2.1081540e+01   2.2525481e+01   2.5702152e+01   2.9456399e+01   3.0900340e+01   3.2055493e+01   3.6964892e+01   4.5628539e+01   4.3895810e+01   4.1585504e+01   3.5232163e+01   3.2921857e+01   3.0900340e+01   2.8878822e+01   2.5413364e+01
   3.8986410e+01   4.2740657e+01   4.4184598e+01   4.6494904e+01   5.1693092e+01   5.8624009e+01   7.4507361e+01   7.5662514e+01   6.6710079e+01   5.2848245e+01   4.5628539e+01   4.0141563e+01   3.5520951e+01   3.2921857e+01   3.0033975e+01
   3.8697622e+01   4.0141563e+01   4.1874292e+01   4.4184598e+01   4.7938845e+01   5.2848245e+01   5.4003398e+01   5.3137033e+01   3.9852775e+01   3.4943375e+01   3.4077010e+01   2.9745187e+01   2.6568516e+01   2.5413364e+01   2.3680634e+01
   3.2344281e+01   3.2921857e+01   3.4365798e+01   3.6676104e+01   3.6387316e+01   3.3499434e+01   2.9456399e+01   2.2814270e+01   1.5016988e+01   1.0107588e+01   7.5084938e+00   7.7972820e+00   8.9524349e+00   9.5300113e+00   1.1262741e+01
   2.0792752e+01   1.9926387e+01   1.9637599e+01   1.7327293e+01   1.5305776e+01   1.0973952e+01   7.7972820e+00   5.4869762e+00   3.7542469e+00   3.4654587e+00   1.1551529e+00   2.0215176e+00   2.8878822e+00   2.3103058e+00   2.5990940e+00
   9.8187995e+00   1.0973952e+01   1.0396376e+01   9.8187995e+00   5.1981880e+00   4.0430351e+00   5.1981880e+00   4.3318233e+00   2.3103058e+00   2.3103058e+00   1.7327293e+00   2.8878822e-01   2.8878822e-01   5.7757644e-01   2.8878822e-01
   6.9309173e+00   6.9309173e+00   6.0645527e+00   4.0430351e+00   2.3103058e+00   3.7542469e+00   4.6206116e+00   3.1766704e+00   1.7327293e+00   2.8878822e+00   2.3103058e+00   1.4439411e+00   5.7757644e-01   2.8878822e-01   2.8878822e-01
   4.6206116e+00   4.0430351e+00   3.4654587e+00   2.5990940e+00   1.7327293e+00   4.0430351e+00   4.0430351e+00   2.0215176e+00   1.7327293e+00   2.5990940e+00   2.0215176e+00   2.3103058e+00   1.4439411e+00   8.6636467e-01   2.8878822e-01
   3.1766704e+00   3.1766704e+00   2.5990940e+00   2.0215176e+00   2.0215176e+00   3.7542469e+00   3.4654587e+00   8.6636467e-01   1.7327293e+00   1.7327293e+00   2.5990940e+00   2.0215176e+00   2.5990940e+00   1.4439411e+00   5.7757644e-01
