   4.3945461e-01   4.5237975e-01   4.3945461e-01   4.7823002e-01   4.7823002e-01   4.9115515e-01   4.6530488e-01   5.6870597e-01   1.0210857e+00   2.7530539e+00   6.3720918e+00   1.1529221e+01   1.6324446e+01   1.8638046e+01   1.9581580e+01
   5.0408029e-01   4.7823002e-01   5.1700542e-01   4.6530488e-01   4.6530488e-01   4.5237975e-01   4.7823002e-01   6.2040651e-01   1.7707436e+00   4.5108723e+00   9.6421511e+00   1.5393836e+01   1.9025800e+01   2.0085661e+01   1.9129201e+01
   5.4285569e-01   4.7823002e-01   4.6530488e-01   4.5237975e-01   4.1360434e-01   4.5237975e-01   4.7823002e-01   1.0081606e+00   3.2700593e+00   7.7680065e+00   1.4411526e+01   1.8948249e+01   2.0370014e+01   1.9129201e+01   1.6117644e+01
   5.5578083e-01   5.2993056e-01   4.7823002e-01   4.2652947e-01   4.2652947e-01   4.0067920e-01   8.0135841e-01   2.3135993e+00   6.3591667e+00   1.3067312e+01   1.8689746e+01   2.0460490e+01   1.9064575e+01   1.5316286e+01   1.1606772e+01
   5.4285569e-01   5.0408029e-01   4.9115515e-01   4.6530488e-01   4.3945461e-01   6.3333164e-01   1.7448933e+00   5.2605302e+00   1.1710173e+01   1.8133965e+01   2.0576816e+01   1.8301992e+01   1.4049622e+01   9.5775255e+00   5.8680116e+00
   5.2993056e-01   5.1700542e-01   4.9115515e-01   5.4285569e-01   5.9455624e-01   1.3959146e+00   4.6142734e+00   1.0727863e+01   1.7358457e+01   2.0292463e+01   1.7474783e+01   1.2782959e+01   7.8972578e+00   4.1360434e+00   2.3394495e+00
   5.6870597e-01   5.4285569e-01   5.6870597e-01   7.1088246e-01   1.4476152e+00   4.4333215e+00   1.0546911e+01   1.6828527e+01   1.9659131e+01   1.6970703e+01   1.1361194e+01   6.1782148e+00   2.9598560e+00   1.6673425e+00   1.2020376e+00
   6.4625678e-01   6.0748137e-01   8.1428354e-01   1.8741447e+00   5.1959045e+00   1.1464595e+01   1.6763901e+01   2.0111511e+01   1.6970703e+01   1.0016980e+01   5.3122307e+00   2.5462517e+00   1.2666633e+00   9.4353490e-01   7.2380759e-01
   8.5305895e-01   1.2149627e+00   2.4299255e+00   6.1523645e+00   1.2201328e+01   1.8353693e+01   2.1313549e+01   1.7746211e+01   9.6292260e+00   5.0149526e+00   2.2877490e+00   1.1115617e+00   7.4965786e-01   5.4285569e-01   4.9115515e-01
   1.8741447e+00   3.4768615e+00   7.5224289e+00   1.3623093e+01   2.0318313e+01   2.3226469e+01   1.9025800e+01   1.1503371e+01   5.5319580e+00   2.2618987e+00   9.9523544e-01   6.5918191e-01   5.2993056e-01   5.0408029e-01   4.3945461e-01
   4.9244767e+00   9.3836484e+00   1.5523088e+01   2.1817629e+01   2.4687009e+01   2.1261848e+01   1.3403366e+01   6.7856962e+00   2.6884282e+00   1.1374119e+00   6.0748137e-01   5.5578083e-01   5.1700542e-01   4.3945461e-01   3.3605353e-01
   1.1309494e+01   1.6957778e+01   2.2967966e+01   2.5863196e+01   2.3058442e+01   1.5497238e+01   8.4788889e+00   3.6707385e+00   1.4605403e+00   6.8503219e-01   5.5578083e-01   4.7823002e-01   4.3945461e-01   3.4897866e-01   2.9727812e-01
   1.8211516e+01   2.3704699e+01   2.6431902e+01   2.4635308e+01   1.7707436e+01   1.0301333e+01   5.2993056e+00   1.9775457e+00   1.0469360e+00   5.8163110e-01   5.0408029e-01   4.2652947e-01   3.8775407e-01   3.3605353e-01   2.5850271e-01
   2.3821025e+01   2.6250950e+01   2.5255715e+01   1.9930559e+01   1.2666633e+01   6.9278727e+00   3.0244817e+00   1.3700644e+00   7.3673273e-01   5.8163110e-01   4.7823002e-01   4.0067920e-01   3.4897866e-01   2.8435298e-01   2.5850271e-01
   2.5992448e+01   2.5565918e+01   2.1662527e+01   1.5109484e+01   8.9958944e+00   4.4333215e+00   1.9904709e+00   1.0598611e+00   6.0748137e-01   4.7823002e-01   4.0067920e-01   3.4897866e-01   2.8435298e-01   2.4557758e-01   2.3265244e-01
