   8.5677923e+00   1.1942983e+01   1.6140336e+01   2.0294417e+01   2.6265909e+01   3.6564568e+01   4.9892245e+01   6.9710674e+01   9.5067877e+01   1.2167996e+02   1.4370524e+02   1.6131682e+02   1.7486085e+02   1.7758697e+02   1.7040387e+02
   1.2418972e+01   1.5577804e+01   2.0078059e+01   2.5357203e+01   3.3362464e+01   4.4916002e+01   6.3868997e+01   9.1433056e+01   1.2263194e+02   1.5023927e+02   1.7213474e+02   1.8758273e+02   1.9078483e+02   1.8420753e+02   1.7131257e+02
   1.5534532e+01   2.0554047e+01   2.4751400e+01   3.1242152e+01   4.1367724e+01   5.9152384e+01   8.6716443e+01   1.2245885e+02   1.5638385e+02   1.8100543e+02   1.9684286e+02   2.0194892e+02   1.9744867e+02   1.8403445e+02   1.6577380e+02
   1.9731885e+01   2.4448498e+01   2.9165111e+01   4.1410996e+01   5.4522315e+01   8.3081622e+01   1.2176650e+02   1.6040811e+02   1.8671729e+02   2.0458849e+02   2.1233413e+02   2.0956474e+02   1.9610725e+02   1.7602919e+02   1.5508569e+02
   2.3280163e+01   2.8559308e+01   4.0891736e+01   5.4695401e+01   8.1696929e+01   1.2098761e+02   1.5919650e+02   1.9087137e+02   2.1077634e+02   2.1994994e+02   2.1891142e+02   2.0748770e+02   1.8671729e+02   1.6252842e+02   1.4128203e+02
   2.9294926e+01   4.1281181e+01   5.8633124e+01   8.1956559e+01   1.2271848e+02   1.5218649e+02   1.9229934e+02   2.1631512e+02   2.2574835e+02   2.2613779e+02   2.1769981e+02   1.9766503e+02   1.7014424e+02   1.4530630e+02   1.2046835e+02
   4.3012048e+01   6.2138130e+01   8.4639403e+01   1.1834804e+02   1.4759969e+02   1.8758273e+02   2.1821907e+02   2.2734940e+02   2.2998897e+02   2.2440692e+02   2.0683862e+02   1.7871203e+02   1.4820550e+02   1.2129051e+02   9.6842016e+01
   6.5123876e+01   8.8014594e+01   1.1592483e+02   1.4547938e+02   1.7962074e+02   2.1363228e+02   2.2548872e+02   2.3081113e+02   2.2678687e+02   2.1415154e+02   1.8771254e+02   1.5067198e+02   1.2038181e+02   9.3510097e+01   7.0922281e+01
   8.8966571e+01   1.1406414e+02   1.4102240e+02   1.7126930e+02   2.0294417e+02   2.2094519e+02   2.2830137e+02   2.2657051e+02   2.1536314e+02   1.9446292e+02   1.5538860e+02   1.1752588e+02   9.1173426e+01   6.6248939e+01   4.7728661e+01
   1.1164093e+02   1.3539708e+02   1.6248515e+02   1.9199644e+02   2.1133888e+02   2.2310877e+02   2.2302223e+02   2.1592567e+02   1.9822756e+02   1.5962922e+02   1.1367470e+02   8.8317495e+01   6.1575598e+01   4.2882233e+01   3.1674868e+01
   1.3016121e+02   1.5404717e+02   1.8009672e+02   2.0078059e+02   2.1289666e+02   2.1661802e+02   2.1129560e+02   1.9437638e+02   1.6019175e+02   1.1410742e+02   8.7408790e+01   5.7161887e+01   3.8684880e+01   2.9900730e+01   2.3539793e+01
   1.4444086e+02   1.6750467e+02   1.8766927e+02   2.0117003e+02   2.0640591e+02   2.0251145e+02   1.8771254e+02   1.5768200e+02   1.2103088e+02   8.5288478e+01   5.5257933e+01   3.8338707e+01   3.0939250e+01   2.3323435e+01   1.9948244e+01
   1.5543187e+02   1.7486085e+02   1.8922705e+02   1.9325132e+02   1.9100119e+02   1.7931783e+02   1.5413372e+02   1.2401663e+02   8.8187680e+01   5.7594604e+01   4.0718649e+01   3.1891227e+01   2.3669608e+01   1.9861700e+01   1.6573053e+01
   1.6027830e+02   1.7421178e+02   1.8039963e+02   1.7892839e+02   1.6875955e+02   1.4928729e+02   1.2453589e+02   9.3510097e+01   6.3566095e+01   4.4742915e+01   3.3016291e+01   2.5443747e+01   2.0078059e+01   1.6097064e+01   1.1164093e+01
   1.5980231e+02   1.6642287e+02   1.6685559e+02   1.5785508e+02   1.4314271e+02   1.2302138e+02   9.7274733e+01   7.0316477e+01   5.0844222e+01   3.5915493e+01   2.7088071e+01   2.0424232e+01   1.5794163e+01   1.1337180e+01   9.3466825e+00
