   8.3081622e+00   1.1942983e+01   1.6399966e+01   1.9991515e+01   2.7823689e+01   3.8684880e+01   5.5387748e+01   7.8365009e+01   1.0480400e+02   1.3106991e+02   1.5473952e+02   1.7312998e+02   1.8541914e+02   1.8784236e+02   1.7862549e+02
   1.1942983e+01   1.5837434e+01   2.0207874e+01   2.6179365e+01   3.5482776e+01   4.9632615e+01   7.4340743e+01   1.0471746e+02   1.3595961e+02   1.6425929e+02   1.8520278e+02   1.9848719e+02   2.0238164e+02   1.9459274e+02   1.7949092e+02
   1.5231631e+01   2.0251145e+01   2.4664857e+01   3.3102834e+01   4.5954522e+01   6.8282708e+01   1.0346258e+02   1.3994061e+02   1.7278381e+02   1.9567453e+02   2.0986764e+02   2.1501697e+02   2.0904548e+02   1.9502545e+02   1.7334634e+02
   1.9428984e+01   2.3626336e+01   3.1371967e+01   4.4959274e+01   6.4691159e+01   1.0212116e+02   1.4258018e+02   1.7832259e+02   2.0415578e+02   2.2007976e+02   2.2527236e+02   2.2155099e+02   2.0882912e+02   1.8671729e+02   1.6374003e+02
   2.3583065e+01   3.0593077e+01   4.6300696e+01   6.2830477e+01   1.0298659e+02   1.4288308e+02   1.7879857e+02   2.0973782e+02   2.2756576e+02   2.3301799e+02   2.2964280e+02   2.2029611e+02   1.9948244e+02   1.7269727e+02   1.4794587e+02
   3.1501782e+01   4.7685389e+01   6.7763448e+01   1.0463092e+02   1.3864246e+02   1.7477431e+02   2.1436789e+02   2.3271509e+02   2.3816732e+02   2.3708553e+02   2.2847446e+02   2.1198795e+02   1.8364500e+02   1.5564823e+02   1.2704565e+02
   5.0627864e+01   7.3821483e+01   1.0350585e+02   1.3626251e+02   1.6884609e+02   2.1860852e+02   2.3466231e+02   2.4089343e+02   2.4223485e+02   2.3552774e+02   2.2198371e+02   1.9589089e+02   1.6343713e+02   1.3202189e+02   1.0631851e+02
   7.7629391e+01   1.0350585e+02   1.3297387e+02   1.6676905e+02   2.0627609e+02   2.3033514e+02   2.4024436e+02   2.4483116e+02   2.4093670e+02   2.2968607e+02   2.0623282e+02   1.7274054e+02   1.3492109e+02   1.0588580e+02   8.0052605e+01
   1.0354913e+02   1.2877651e+02   1.6014848e+02   1.9502545e+02   2.2358476e+02   2.3756151e+02   2.4288393e+02   2.4197522e+02   2.3738843e+02   2.1246394e+02   1.8321229e+02   1.3665196e+02   1.0484728e+02   7.6114882e+01   5.5517563e+01
   1.2626676e+02   1.5292211e+02   1.8494315e+02   2.1168505e+02   2.3107076e+02   2.3816732e+02   2.3834040e+02   2.3301799e+02   2.1358900e+02   1.9255897e+02   1.4184456e+02   1.0164517e+02   7.3605125e+01   5.0584592e+01   3.6651111e+01
   1.4500339e+02   1.7442814e+02   2.0056423e+02   2.2116155e+02   2.3228237e+02   2.3249873e+02   2.2648396e+02   2.1272357e+02   1.8961649e+02   1.4599864e+02   9.7577634e+01   7.3042593e+01   4.5694892e+01   3.3102834e+01   2.5400475e+01
   1.6352367e+02   1.8814526e+02   2.0757424e+02   2.2107500e+02   2.2410402e+02   2.1908451e+02   2.0562702e+02   1.8429408e+02   1.4660445e+02   1.0437129e+02   7.1138639e+01   4.3617852e+01   3.2929747e+01   2.4881215e+01   2.0510775e+01
   1.7377906e+02   1.9303496e+02   2.0874258e+02   2.1419481e+02   2.1073307e+02   1.9779484e+02   1.7810623e+02   1.4660445e+02   1.1159766e+02   7.2263703e+01   4.6387239e+01   3.4098082e+01   2.6092822e+01   2.0510775e+01   1.7827931e+01
   1.7888512e+02   1.9264551e+02   2.0212201e+02   2.0078059e+02   1.8875106e+02   1.7191838e+02   1.4504667e+02   1.1389106e+02   7.9057356e+01   5.1623112e+01   3.5699135e+01   2.7477516e+01   2.1159851e+01   1.7654845e+01   1.2678602e+01
   1.7715425e+02   1.8740964e+02   1.8909723e+02   1.7944765e+02   1.6456219e+02   1.4162820e+02   1.1540557e+02   8.6153911e+01   5.9541829e+01   3.9983031e+01   2.9727643e+01   2.2155099e+01   1.7525030e+01   1.2635330e+01   9.5630409e+00
