   5.4285569e-01   5.6870597e-01   5.5578083e-01   6.0748137e-01   5.4285569e-01   5.1700542e-01   5.1700542e-01   6.0748137e-01   6.8503219e-01   1.0986365e+00   2.2618987e+00   3.9938669e+00   5.6999848e+00   6.9924984e+00   7.7033808e+00
   5.9455624e-01   5.9455624e-01   6.3333164e-01   5.9455624e-01   5.5578083e-01   5.2993056e-01   5.1700542e-01   5.5578083e-01   8.5305895e-01   1.6544174e+00   3.3476101e+00   4.9374018e+00   6.2557656e+00   7.0829743e+00   7.3285519e+00
   6.4625678e-01   6.2040651e-01   5.9455624e-01   6.2040651e-01   5.9455624e-01   5.6870597e-01   5.1700542e-01   6.7210705e-01   1.2149627e+00   2.5591768e+00   4.2782199e+00   5.5707334e+00   6.3850170e+00   6.5271935e+00   6.0231132e+00
   6.4625678e-01   6.4625678e-01   6.4625678e-01   6.5918191e-01   6.4625678e-01   6.3333164e-01   5.9455624e-01   9.5646003e-01   1.8999949e+00   3.6836636e+00   5.0537280e+00   5.7775356e+00   5.6612094e+00   5.0537280e+00   4.1101931e+00
   6.8503219e-01   6.7210705e-01   7.2380759e-01   6.8503219e-01   6.3333164e-01   6.2040651e-01   9.3060976e-01   1.6027168e+00   3.0761823e+00   4.3557707e+00   5.1312788e+00   4.8986264e+00   4.0584926e+00   3.2054336e+00   2.3523747e+00
   8.0135841e-01   7.7550814e-01   7.1088246e-01   6.5918191e-01   6.4625678e-01   8.2720868e-01   1.4217649e+00   2.6496528e+00   3.7612145e+00   4.4850220e+00   4.3169953e+00   3.3993107e+00   2.4816260e+00   1.7578184e+00   1.3054387e+00
   7.8843327e-01   7.8843327e-01   6.8503219e-01   6.5918191e-01   8.9183436e-01   1.3829895e+00   2.4557758e+00   3.4122358e+00   4.0584926e+00   3.7999899e+00   2.8564550e+00   2.0163212e+00   1.3700644e+00   1.0081606e+00   8.2720868e-01
   7.8843327e-01   7.7550814e-01   7.7550814e-01   9.8231030e-01   1.4863906e+00   2.5204014e+00   3.4122358e+00   4.0714177e+00   3.5544123e+00   2.7401287e+00   1.7061179e+00   1.1115617e+00   8.1428354e-01   6.9795732e-01   5.9455624e-01
   8.5305895e-01   9.0475949e-01   1.1761873e+00   1.6802676e+00   2.9081555e+00   4.1618937e+00   4.5884231e+00   3.8775407e+00   2.8047544e+00   1.7578184e+00   1.0469360e+00   7.3673273e-01   5.9455624e-01   5.4285569e-01   5.0408029e-01
   1.1244868e+00   1.5380911e+00   2.2231233e+00   3.6319631e+00   5.0537280e+00   5.8163110e+00   4.7435248e+00   3.2959096e+00   1.9129201e+00   1.0081606e+00   6.8503219e-01   5.5578083e-01   5.0408029e-01   5.4285569e-01   5.1700542e-01
   2.0809468e+00   3.0374069e+00   4.6788991e+00   6.3720918e+00   6.8244716e+00   5.9584875e+00   4.1489685e+00   2.2231233e+00   1.3183638e+00   7.6258300e-01   5.2993056e-01   5.0408029e-01   5.4285569e-01   5.1700542e-01   4.2652947e-01
   4.0067920e+00   5.8680116e+00   7.6258300e+00   8.1299103e+00   7.2510011e+00   5.4027067e+00   3.0632571e+00   1.6544174e+00   9.4353490e-01   6.0748137e-01   5.5578083e-01   5.2993056e-01   5.1700542e-01   4.9115515e-01   3.8775407e-01
   7.0700492e+00   8.6210654e+00   9.4611992e+00   8.4918141e+00   6.7727710e+00   4.2135942e+00   2.2618987e+00   1.2149627e+00   7.3673273e-01   6.3333164e-01   5.8163110e-01   5.2993056e-01   5.0408029e-01   4.0067920e-01   3.8775407e-01
   9.7067768e+00   1.0521060e+01   9.6421511e+00   7.9360333e+00   5.5061078e+00   3.1666582e+00   1.6673425e+00   9.9523544e-01   6.8503219e-01   5.8163110e-01   5.6870597e-01   5.1700542e-01   4.7823002e-01   4.2652947e-01   3.1020325e-01
   1.1322419e+01   1.0624461e+01   9.1639211e+00   6.5401186e+00   4.3428456e+00   2.4687009e+00   1.3959146e+00   8.0135841e-01   6.0748137e-01   5.8163110e-01   5.4285569e-01   5.2993056e-01   5.0408029e-01   4.0067920e-01   3.8775407e-01
