   2.5990940e+00   3.7542469e+00   3.4654587e+00   4.9093998e+00   4.3318233e+00   1.7327293e+00   2.8878822e+00   5.1981880e+00   5.7757644e+00   2.8878822e+00   1.4439411e+00   2.3103058e+00   3.1766704e+00   4.6206116e+00   3.1766704e+00
   2.0215176e+00   3.1766704e+00   5.1981880e+00   6.0645527e+00   5.4869762e+00   2.5990940e+00   2.8878822e+00   6.6421291e+00   5.1981880e+00   2.5990940e+00   2.0215176e+00   2.3103058e+00   4.9093998e+00   3.4654587e+00   2.3103058e+00
   1.7327293e+00   2.0215176e+00   4.9093998e+00   6.6421291e+00   7.2197055e+00   4.9093998e+00   3.4654587e+00   8.0860702e+00   4.6206116e+00   2.5990940e+00   2.8878822e+00   4.6206116e+00   4.3318233e+00   4.3318233e+00   4.6206116e+00
   3.7542469e+00   2.5990940e+00   2.0215176e+00   5.4869762e+00   8.3748584e+00   8.0860702e+00   5.1981880e+00   9.2412231e+00   4.9093998e+00   4.3318233e+00   7.2197055e+00   9.2412231e+00   9.2412231e+00   1.2129105e+01   1.4150623e+01
   8.3748584e+00   6.6421291e+00   5.1981880e+00   4.6206116e+00   8.0860702e+00   1.0685164e+01   1.0685164e+01   1.3573046e+01   1.1262741e+01   1.3861835e+01   1.7616082e+01   2.0215176e+01   2.2236693e+01   2.3969422e+01   2.7723669e+01
   1.7616082e+01   1.7904870e+01   1.8482446e+01   1.8193658e+01   1.9637599e+01   2.5124575e+01   3.3788222e+01   3.4077010e+01   3.3788222e+01   3.8120045e+01   4.0141563e+01   4.1585504e+01   4.3318233e+01   4.5339751e+01   4.6494904e+01
   5.4003398e+01   5.5736127e+01   5.6891280e+01   5.8046433e+01   6.0356738e+01   6.8731597e+01   8.1438279e+01   8.4903737e+01   7.9705549e+01   7.7395243e+01   7.7684032e+01   7.9705549e+01   7.9416761e+01   7.7972820e+01   7.5951302e+01
   8.5770102e+01   9.4722537e+01   1.0396376e+02   1.1378256e+02   1.2417894e+02   1.3226501e+02   1.5132503e+02   1.6345413e+02   1.3746319e+02   1.3082106e+02   1.2215742e+02   1.1464892e+02   1.0685164e+02   9.8187995e+01   9.0968290e+01
   9.0679502e+01   9.5300113e+01   9.7610419e+01   9.9054360e+01   1.0078709e+02   1.0511891e+02   1.1320498e+02   1.0945074e+02   8.8080408e+01   7.6817667e+01   7.0175538e+01   6.5554926e+01   6.2378256e+01   6.0356738e+01   5.8335221e+01
   6.3533409e+01   6.2667044e+01   6.2378256e+01   6.2089468e+01   5.8046433e+01   5.4580974e+01   4.2451869e+01   4.1007928e+01   3.6676104e+01   3.0611552e+01   2.8012458e+01   2.4258211e+01   2.0792752e+01   1.9637599e+01   1.8482446e+01
   3.8697622e+01   3.7253681e+01   3.5809740e+01   2.9456399e+01   2.5990940e+01   1.7904870e+01   1.5883352e+01   1.5016988e+01   1.2995470e+01   6.9309173e+00   4.6206116e+00   4.3318233e+00   4.3318233e+00   3.7542469e+00   3.7542469e+00
   2.3391846e+01   2.0215176e+01   1.5016988e+01   1.2129105e+01   6.9309173e+00   3.7542469e+00   3.1766704e+00   4.6206116e+00   6.3533409e+00   5.1981880e+00   2.0215176e+00   2.3103058e+00   2.8878822e+00   4.0430351e+00   3.7542469e+00
   9.2412231e+00   6.6421291e+00   5.4869762e+00   2.8878822e+00   3.1766704e+00   8.6636467e-01   2.0215176e+00   2.8878822e+00   4.3318233e+00   5.7757644e+00   2.8878822e+00   8.6636467e-01   5.7757644e-01   8.6636467e-01   2.0215176e+00
   4.0430351e+00   4.3318233e+00   3.1766704e+00   3.1766704e+00   1.7327293e+00   8.6636467e-01   1.7327293e+00   2.3103058e+00   3.1766704e+00   4.9093998e+00   4.3318233e+00   2.0215176e+00   8.6636467e-01   8.6636467e-01   5.7757644e-01
   3.7542469e+00   4.3318233e+00   3.7542469e+00   2.8878822e+00   1.1551529e+00   8.6636467e-01   1.1551529e+00   1.7327293e+00   2.3103058e+00   4.3318233e+00   4.9093998e+00   3.1766704e+00   1.7327293e+00   1.4439411e+00   5.7757644e-01
