   7.2043826e+00   1.1245865e+01   1.8344818e+01   2.7130650e+01   3.5283903e+01   3.9501103e+01   4.1258269e+01   3.8622519e+01   2.5232911e+01   1.5849642e+01   9.9104190e+00   6.8529493e+00   5.2012128e+00   4.2523429e+00   3.9360529e+00
   4.4280595e+00   7.4503859e+00   1.4443908e+01   2.4248897e+01   3.6408490e+01   4.4175165e+01   4.8146362e+01   4.4491455e+01   2.6462927e+01   1.4549338e+01   8.9264057e+00   5.6932194e+00   4.4983462e+00   4.2874862e+00   4.0414829e+00
   2.7763230e+00   4.2171996e+00   9.4886990e+00   2.0277701e+01   3.4897326e+01   4.8040932e+01   5.5983324e+01   5.0887541e+01   2.7622657e+01   1.3249035e+01   7.7315325e+00   5.0606395e+00   3.8306229e+00   4.0063396e+00   4.0063396e+00
   1.7923098e+00   2.2140298e+00   5.0606395e+00   1.3741042e+01   3.0293550e+01   5.0817255e+01   6.6104603e+01   5.9462514e+01   2.9133820e+01   1.1948732e+01   6.1500827e+00   4.5686329e+00   3.7603363e+00   3.3034730e+00   3.9360529e+00
   1.2300165e+00   1.2651599e+00   2.7060364e+00   7.4855292e+00   2.2316014e+01   4.9200662e+01   7.8088479e+01   6.8810639e+01   3.0223264e+01   1.0578142e+01   5.1309261e+00   3.7603363e+00   3.4089030e+00   3.3034730e+00   3.5494763e+00
   1.1597299e+00   1.0191566e+00   1.5463065e+00   3.3386163e+00   1.2616455e+01   3.9536246e+01   8.8772051e+01   7.9634785e+01   3.0785557e+01   1.1210722e+01   4.3577729e+00   3.2683297e+00   3.2683297e+00   3.0574697e+00   3.6900496e+00
   9.1372657e-01   7.7315325e-01   1.0542999e+00   1.7923098e+00   6.3960860e+00   2.4811191e+01   9.1899807e+01   9.4394983e+01   3.3807883e+01   1.1527012e+01   4.4280595e+00   2.8466097e+00   3.1277563e+00   2.9871830e+00   3.5143330e+00
   8.0829658e-01   7.7315325e-01   8.4343991e-01   1.3705899e+00   4.5334895e+00   1.4092475e+01   7.9423925e+01   1.1470783e+02   3.7146499e+01   1.3565325e+01   4.9903528e+00   2.9871830e+00   3.0574697e+00   2.8817530e+00   3.6197630e+00
   9.1372657e-01   9.4886990e-01   8.7858324e-01   1.0542999e+00   3.0926130e+00   1.3600469e+01   7.1832966e+01   1.1365353e+02   5.1028115e+01   1.7641951e+01   6.6772326e+00   3.6549063e+00   2.9168964e+00   3.0574697e+00   3.4440463e+00
   9.4886990e-01   9.8401323e-01   1.1597299e+00   1.2651599e+00   3.0574697e+00   1.6482222e+01   6.1957690e+01   9.6855017e+01   5.8689361e+01   2.5689774e+01   9.8401323e+00   4.6740628e+00   3.0574697e+00   2.9871830e+00   3.3034730e+00
   9.8401323e-01   1.0894432e+00   1.2651599e+00   1.4760198e+00   4.0766262e+00   1.8063671e+01   5.4612734e+01   8.0513368e+01   5.8654217e+01   3.2648153e+01   1.5076488e+01   6.6772326e+00   3.7603363e+00   3.3034730e+00   3.3034730e+00
   9.1372657e-01   1.0894432e+00   1.4408765e+00   1.9680265e+00   5.4823594e+00   1.8907111e+01   4.7794928e+01   6.6280320e+01   5.2679851e+01   3.6021913e+01   2.0031698e+01   1.0121279e+01   5.2714994e+00   3.5143330e+00   3.5494763e+00
   1.0191566e+00   1.0894432e+00   1.7220232e+00   2.6357497e+00   6.3609427e+00   1.9012541e+01   4.1398842e+01   5.5667034e+01   4.5686329e+01   3.4967613e+01   2.3686604e+01   1.3987045e+01   8.1883958e+00   4.0414829e+00   3.8657663e+00
   1.3354465e+00   1.3705899e+00   2.0383131e+00   3.0926130e+00   8.5398291e+00   1.9012541e+01   3.6127343e+01   4.7689498e+01   4.1433986e+01   3.0750413e+01   2.5022051e+01   1.7536521e+01   1.1245865e+01   6.4663727e+00   4.6389195e+00
   1.5814498e+00   1.6517365e+00   2.4951764e+00   3.9711963e+00   1.0437569e+01   1.9539691e+01   3.1453280e+01   4.1328556e+01   3.7708793e+01   2.8220094e+01   2.4073181e+01   1.9609978e+01   1.3916759e+01   9.1724090e+00   6.1852260e+00
