   1.2651091e+00   1.2536082e+00   1.1385982e+00   1.2536082e+00   1.6216399e+00   2.2541945e+00   4.7154068e+00   1.1339978e+01   2.1610364e+01   2.9465542e+01   3.0719150e+01   2.3910563e+01   1.5457334e+01   9.3618077e+00   5.1754465e+00
   1.2421072e+00   1.2306062e+00   1.1385982e+00   1.2191052e+00   1.4031211e+00   2.0586776e+00   5.0604366e+00   1.3421658e+01   2.4347601e+01   3.0707649e+01   2.8292441e+01   1.9597691e+01   1.1627503e+01   6.3255457e+00   3.5308046e+00
   1.1155962e+00   1.1500992e+00   1.1731012e+00   1.1846022e+00   1.1731012e+00   2.0126736e+00   5.8885080e+00   1.6388914e+01   2.6647799e+01   3.0109598e+01   2.4393605e+01   1.4870783e+01   8.0621956e+00   3.9793433e+00   2.3692044e+00
   9.8908533e-01   1.1040953e+00   1.1616002e+00   1.1616002e+00   1.1500992e+00   1.9551687e+00   7.2801281e+00   1.9379172e+01   2.7981914e+01   2.7763395e+01   1.9298665e+01   1.0477404e+01   4.9339257e+00   2.4497113e+00   1.5296320e+00
   1.0580913e+00   1.0465903e+00   1.0925943e+00   1.0350893e+00   1.1500992e+00   2.2311925e+00   9.9943623e+00   2.2127909e+01   2.7648385e+01   2.3278008e+01   1.3973706e+01   6.1990348e+00   2.8407451e+00   1.5986379e+00   1.1500992e+00
   1.0695923e+00   9.6608335e-01   8.8557640e-01   8.6257442e-01   1.1846022e+00   3.2317788e+00   1.3812692e+01   2.3749549e+01   2.5302183e+01   1.8148566e+01   9.2237958e+00   3.4502977e+00   1.6446419e+00   1.1155962e+00   1.0235883e+00
   1.0120873e+00   8.3957243e-01   8.0506946e-01   8.0506946e-01   1.2536082e+00   5.6124842e+00   1.7285991e+01   2.3611537e+01   2.1483854e+01   1.3444660e+01   5.2674544e+00   1.9551687e+00   1.0695923e+00   8.9707739e-01   7.9356846e-01
   1.0235883e+00   8.1657045e-01   7.5906549e-01   8.7407541e-01   1.7251488e+00   1.0477404e+01   1.9321667e+01   2.2794967e+01   1.7481508e+01   9.5573246e+00   2.9557550e+00   1.3916201e+00   8.6257442e-01   8.0506946e-01   7.9356846e-01
   1.0695923e+00   9.0857839e-01   8.8557640e-01   1.1616002e+00   4.2898701e+00   1.4663765e+01   2.3013485e+01   2.1874887e+01   1.3674680e+01   6.1875338e+00   1.7021469e+00   9.0857839e-01   7.4756450e-01   7.5906549e-01   6.9005953e-01
   1.1385982e+00   1.0925943e+00   1.1616002e+00   2.1506855e+00   8.8212610e+00   1.9678198e+01   2.4876646e+01   1.9321667e+01   1.1017951e+01   3.3582897e+00   1.1731012e+00   8.2807144e-01   8.0506946e-01   6.7855854e-01   5.7504961e-01
   1.2881111e+00   1.2766101e+00   1.7941548e+00   4.8304167e+00   1.3916201e+01   2.3600036e+01   2.4244092e+01   1.6239401e+01   7.5791539e+00   2.0241746e+00   9.6608335e-01   8.2807144e-01   7.5906549e-01   7.0156053e-01   5.5204763e-01
   1.5066300e+00   1.7711528e+00   3.0707649e+00   8.9707739e+00   1.8838625e+01   2.5727720e+01   2.2564947e+01   1.3007622e+01   5.0834386e+00   1.4146220e+00   8.9707739e-01   8.3957243e-01   7.4756450e-01   6.5555656e-01   5.8655060e-01
   1.8976637e+00   2.5647213e+00   5.7849991e+00   1.3364153e+01   2.3059489e+01   2.5658714e+01   1.9574689e+01   1.0005863e+01   3.4272957e+00   1.3226141e+00   9.3158037e-01   7.9356846e-01   7.4756450e-01   6.4405557e-01   5.4054664e-01
   2.3922064e+00   4.1633592e+00   9.2122948e+00   1.7964550e+01   2.5302183e+01   2.4428108e+01   1.6618934e+01   7.6596608e+00   2.6337272e+00   1.3226141e+00   9.5458236e-01   8.6257442e-01   7.1306152e-01   5.5204763e-01   4.6003969e-01
   3.4848006e+00   6.6015695e+00   1.3306648e+01   2.1403347e+01   2.5992242e+01   2.2438436e+01   1.3973706e+01   6.0495219e+00   2.3232004e+00   1.2536082e+00   1.0235883e+00   8.3957243e-01   7.4756450e-01   4.9454267e-01   4.2553671e-01
