   6.3236206e-01   5.8243874e-01   8.5701700e-01   1.4228146e+00   2.4379221e+00   3.6860052e+00   5.2169870e+00   6.1322479e+00   3.8773779e+00   2.0884589e+00   8.9029921e-01   4.4098933e-01   3.2450158e-01   2.5793716e-01   3.2450158e-01
   4.6595099e-01   4.1602767e-01   4.7427154e-01   8.4037589e-01   1.5309818e+00   2.5793716e+00   4.1020328e+00   5.0838581e+00   3.0536431e+00   1.4893791e+00   5.9907984e-01   2.9953992e-01   2.6625771e-01   2.2465494e-01   2.7457826e-01
   3.1618103e-01   2.9121937e-01   3.1618103e-01   3.7442490e-01   8.4869645e-01   1.5975463e+00   2.8373087e+00   3.9772245e+00   2.2049467e+00   9.5686364e-01   3.9106601e-01   2.4129605e-01   2.3297550e-01   2.1633439e-01   2.4129605e-01
   2.5793716e-01   2.0801383e-01   1.9969328e-01   2.0801383e-01   3.3282214e-01   8.9029921e-01   1.8388423e+00   2.7790648e+00   1.4144941e+00   5.4915652e-01   2.7457826e-01   2.4129605e-01   1.9137273e-01   1.8305217e-01   2.3297550e-01
   2.4961660e-01   1.4144941e-01   1.4144941e-01   1.4144941e-01   1.7473162e-01   4.3266878e-01   1.0650308e+00   1.7057134e+00   8.6533755e-01   3.1618103e-01   1.9969328e-01   2.1633439e-01   1.8305217e-01   1.6641107e-01   2.1633439e-01
   2.1633439e-01   1.4144941e-01   1.2480830e-01   1.3312885e-01   1.3312885e-01   2.2465494e-01   5.5747708e-01   1.0650308e+00   4.8259210e-01   2.4961660e-01   1.9969328e-01   1.8305217e-01   1.9969328e-01   1.6641107e-01   1.9969328e-01
   2.0801383e-01   1.3312885e-01   1.4144941e-01   9.9846641e-02   1.0816719e-01   1.4976996e-01   3.2450158e-01   7.8213202e-01   3.4946324e-01   2.0801383e-01   1.7473162e-01   1.5809051e-01   1.7473162e-01   1.5809051e-01   1.9969328e-01
   1.8305217e-01   1.2480830e-01   8.3205534e-02   9.1526087e-02   1.1648775e-01   1.3312885e-01   1.9969328e-01   6.3236206e-01   3.0786048e-01   1.6641107e-01   1.4976996e-01   1.5809051e-01   1.7473162e-01   1.7473162e-01   1.8305217e-01
   1.6641107e-01   1.1648775e-01   8.3205534e-02   6.6564427e-02   1.0816719e-01   9.9846641e-02   1.4144941e-01   5.4083597e-01   2.9121937e-01   1.7473162e-01   1.8305217e-01   1.6641107e-01   1.7473162e-01   1.8305217e-01   1.4976996e-01
   1.5809051e-01   9.9846641e-02   9.9846641e-02   7.4884981e-02   1.2480830e-01   1.5809051e-01   2.2465494e-01   5.4915652e-01   3.9938656e-01   2.3297550e-01   1.7473162e-01   1.7473162e-01   1.9137273e-01   1.6641107e-01   1.3312885e-01
   1.7473162e-01   1.0816719e-01   1.1648775e-01   9.1526087e-02   1.4144941e-01   2.4961660e-01   3.9106601e-01   7.3220870e-01   5.4915652e-01   2.9121937e-01   1.9969328e-01   1.8305217e-01   1.9137273e-01   1.5809051e-01   1.2480830e-01
   1.7473162e-01   1.7473162e-01   1.5809051e-01   1.1648775e-01   2.1633439e-01   3.9938656e-01   6.4068261e-01   1.0400692e+00   7.7381147e-01   4.0770712e-01   2.3297550e-01   2.0801383e-01   1.7473162e-01   1.4976996e-01   1.3312885e-01
   2.2465494e-01   2.4129605e-01   1.6641107e-01   1.8305217e-01   2.9121937e-01   5.4083597e-01   1.0733514e+00   1.3479297e+00   1.0733514e+00   5.6579763e-01   3.4114269e-01   2.4961660e-01   1.9137273e-01   1.3312885e-01   1.1648775e-01
   2.7457826e-01   2.7457826e-01   1.9969328e-01   2.5793716e-01   3.9938656e-01   9.3190198e-01   1.5809051e+00   1.9636506e+00   1.5476229e+00   9.4022253e-01   4.9091265e-01   2.9121937e-01   1.9137273e-01   1.4144941e-01   1.4144941e-01
   2.7457826e-01   2.8289882e-01   2.4129605e-01   3.5778380e-01   6.4900317e-01   1.4311352e+00   2.1300617e+00   2.8289882e+00   2.2049467e+00   1.4644174e+00   7.5717036e-01   4.6595099e-01   2.1633439e-01   1.5809051e-01   1.9137273e-01
