   1.7553586e+02   1.8646744e+02   1.9487634e+02   2.0181369e+02   2.0854081e+02   2.1316570e+02   2.1463726e+02   2.1064303e+02   2.0706925e+02   2.0496702e+02   2.0622836e+02   2.0055235e+02   1.9172300e+02   1.7974031e+02   1.7154163e+02
   1.9445589e+02   2.0223413e+02   2.1043281e+02   2.1821105e+02   2.2430750e+02   2.3124485e+02   2.3776175e+02   2.4196620e+02   2.4532976e+02   2.3797197e+02   2.2767106e+02   2.1800082e+02   2.0875103e+02   2.0139324e+02   1.9214345e+02
   2.0643858e+02   2.1379637e+02   2.2136439e+02   2.2767106e+02   2.3439819e+02   2.4112531e+02   2.4722176e+02   2.4953421e+02   2.5058533e+02   2.4911377e+02   2.4680132e+02   2.3923331e+02   2.2998351e+02   2.1926216e+02   2.0875103e+02
   2.1400660e+02   2.2136439e+02   2.2683017e+02   2.3523908e+02   2.4196620e+02   2.4490932e+02   2.4638087e+02   2.4848310e+02   2.4911377e+02   2.4953421e+02   2.4890354e+02   2.4806265e+02   2.4385820e+02   2.3713108e+02   2.3103462e+02
   2.2178483e+02   2.2788129e+02   2.3481863e+02   2.3944353e+02   2.4175598e+02   2.4322754e+02   2.4427865e+02   2.4553998e+02   2.4638087e+02   2.4701154e+02   2.4680132e+02   2.4638087e+02   2.4532976e+02   2.4133553e+02   2.3692086e+02
   2.2935284e+02   2.3481863e+02   2.3776175e+02   2.3965375e+02   2.4070486e+02   2.4238664e+02   2.4259687e+02   2.4322754e+02   2.4406843e+02   2.4469909e+02   2.4511954e+02   2.4406843e+02   2.4364798e+02   2.4196620e+02   2.3839242e+02
   2.3271641e+02   2.3692086e+02   2.3818219e+02   2.3944353e+02   2.3965375e+02   2.4007420e+02   2.4175598e+02   2.4133553e+02   2.4175598e+02   2.4196620e+02   2.4217642e+02   2.4280709e+02   2.4238664e+02   2.4175598e+02   2.3923331e+02
   2.3397774e+02   2.3607997e+02   2.3650041e+02   2.3755153e+02   2.3839242e+02   2.3902308e+02   2.3965375e+02   2.4028442e+02   2.4049464e+02   2.4133553e+02   2.4049464e+02   2.4028442e+02   2.4070486e+02   2.4028442e+02   2.3944353e+02
   2.3334707e+02   2.3439819e+02   2.3607997e+02   2.3650041e+02   2.3671063e+02   2.3776175e+02   2.3839242e+02   2.3881286e+02   2.3860264e+02   2.3923331e+02   2.3986397e+02   2.3965375e+02   2.3902308e+02   2.3818219e+02   2.3755153e+02
   2.2956307e+02   2.3271641e+02   2.3397774e+02   2.3460841e+02   2.3629019e+02   2.3713108e+02   2.3713108e+02   2.3839242e+02   2.3797197e+02   2.3713108e+02   2.3818219e+02   2.3881286e+02   2.3860264e+02   2.3734130e+02   2.3523908e+02
   2.2367683e+02   2.2809151e+02   2.3166529e+02   2.3292663e+02   2.3376752e+02   2.3418796e+02   2.3544930e+02   2.3586974e+02   2.3629019e+02   2.3544930e+02   2.3586974e+02   2.3502885e+02   2.3460841e+02   2.3271641e+02   2.2977329e+02
   2.0854081e+02   2.1968261e+02   2.2472795e+02   2.2704040e+02   2.2956307e+02   2.3019373e+02   2.3061418e+02   2.3208574e+02   2.3061418e+02   2.2998351e+02   2.2872218e+02   2.2704040e+02   2.2535862e+02   2.2262572e+02   2.1863149e+02
   1.7784831e+02   1.8772877e+02   1.9697857e+02   2.0559769e+02   2.1274526e+02   2.1526793e+02   2.1589860e+02   2.1737016e+02   2.1673949e+02   2.1484749e+02   2.1568838e+02   2.1253504e+02   2.0917148e+02   2.0370569e+02   1.9866035e+02
   1.4589448e+02   1.5661583e+02   1.6292251e+02   1.6397362e+02   1.6796785e+02   1.7133141e+02   1.7595631e+02   1.8184254e+02   1.8583677e+02   1.8625721e+02   1.8667766e+02   1.8730833e+02   1.8793899e+02   1.8310387e+02   1.7721764e+02
   1.0111707e+02   1.0931575e+02   1.1961665e+02   1.2844600e+02   1.3538335e+02   1.3790602e+02   1.3916735e+02   1.4211047e+02   1.4526381e+02   1.4778648e+02   1.5178071e+02   1.5220115e+02   1.4967848e+02   1.4610470e+02   1.4421270e+02
