   8.5539438e+01   8.8036265e+01   8.5585675e+01   8.1563010e+01   7.7956482e+01   7.1714415e+01   6.5611061e+01   5.8629193e+01   5.3173164e+01   5.0398912e+01   4.7069810e+01   4.4156845e+01   4.1937443e+01   3.8885766e+01   3.6897552e+01
   8.8914778e+01   9.3862194e+01   9.5850408e+01   9.3492294e+01   8.9608341e+01   8.4106074e+01   7.6384406e+01   6.8246600e+01   6.0848595e+01   5.5577516e+01   5.1508613e+01   4.6884859e+01   4.4619220e+01   4.3278332e+01   3.9949229e+01
   8.9700816e+01   9.7237534e+01   1.0343336e+02   1.0519039e+02   1.0347960e+02   9.9549411e+01   9.1689030e+01   8.2025385e+01   7.0512239e+01   6.2744334e+01   5.7427017e+01   5.2294651e+01   4.8780598e+01   4.4804170e+01   4.2862194e+01
   8.4845875e+01   9.6035358e+01   1.0588395e+02   1.1522393e+02   1.1795195e+02   1.1739710e+02   1.1166364e+02   1.0028921e+02   8.6649139e+01   7.3702629e+01   6.3160471e+01   5.7611967e+01   5.3774252e+01   4.9104261e+01   4.5636446e+01
   7.9019946e+01   9.1504080e+01   1.0532910e+02   1.1938531e+02   1.3177697e+02   1.3653944e+02   1.3353400e+02   1.2493382e+02   1.0569900e+02   9.0856754e+01   7.4719855e+01   6.5426111e+01   5.8629193e+01   5.3034451e+01   4.7763373e+01
   7.0974615e+01   8.4198549e+01   1.0047416e+02   1.1883046e+02   1.3501360e+02   1.5318495e+02   1.5355485e+02   1.4569447e+02   1.3478241e+02   1.0764098e+02   9.2151405e+01   7.5552131e+01   6.5703536e+01   5.7843155e+01   5.1369900e+01
   6.2836809e+01   7.5552131e+01   9.1411605e+01   1.1281958e+02   1.3432004e+02   1.5332366e+02   1.7218858e+02   1.6187761e+02   1.5041070e+02   1.3348776e+02   1.0768722e+02   9.0810517e+01   7.4303717e+01   6.3484134e+01   5.5993654e+01
   5.7611967e+01   6.5842248e+01   8.1563010e+01   1.0089030e+02   1.2756936e+02   1.4772892e+02   1.6590027e+02   1.8629102e+02   1.6270988e+02   1.4754397e+02   1.2562738e+02   1.0491296e+02   8.4892112e+01   7.1067090e+01   6.2235721e+01
   5.3265639e+01   6.0709882e+01   6.9633726e+01   8.6834089e+01   1.0912058e+02   1.3612330e+02   1.5438713e+02   1.6848957e+02   1.7644243e+02   1.5665277e+02   1.3843518e+02   1.1753581e+02   9.7746147e+01   8.1146872e+01   6.8061650e+01
   4.9520399e+01   5.5438803e+01   6.2975521e+01   7.3425204e+01   9.1226655e+01   1.1226473e+02   1.3862013e+02   1.5300000e+02   1.6081414e+02   1.6183137e+02   1.4624932e+02   1.2724569e+02   1.0888939e+02   9.2521306e+01   7.8465095e+01
   4.7116047e+01   5.2433364e+01   5.8721668e+01   6.5842248e+01   7.5968268e+01   9.5757933e+01   1.1439166e+02   1.3418132e+02   1.4426111e+02   1.4860743e+02   1.4532457e+02   1.3020490e+02   1.1725839e+02   1.0047416e+02   8.7203989e+01
   4.5081596e+01   4.9612874e+01   5.6086129e+01   5.9276519e+01   6.5796011e+01   7.7956482e+01   9.5989121e+01   1.1318948e+02   1.2604352e+02   1.3256301e+02   1.3371895e+02   1.2974252e+02   1.1790571e+02   1.0532910e+02   9.2243880e+01
   4.3324569e+01   4.6931097e+01   5.0722575e+01   5.3635539e+01   5.9507706e+01   6.7460562e+01   7.8881233e+01   9.2752493e+01   1.0597643e+02   1.1582502e+02   1.2044878e+02   1.2031006e+02   1.1573255e+02   1.0750227e+02   9.7884859e+01
   4.1151405e+01   4.3509519e+01   4.6468722e+01   4.9381686e+01   5.3635539e+01   5.9923844e+01   6.8847688e+01   7.9066183e+01   8.9885766e+01   9.9873073e+01   1.0643880e+02   1.0944424e+02   1.0962919e+02   1.0611514e+02   9.8948323e+01
   3.9348141e+01   4.1058930e+01   4.3324569e+01   4.6607434e+01   5.0352675e+01   5.4837715e+01   6.0894832e+01   6.7044424e+01   7.6384406e+01   8.6094288e+01   9.3446056e+01   9.9087035e+01   1.0070535e+02   1.0028921e+02   9.6081596e+01
