   1.5463387e+02   1.6309497e+02   1.7009725e+02   1.8030892e+02   1.8964531e+02   1.9927346e+02   2.0860984e+02   2.1356979e+02   2.2086384e+02   2.2348970e+02   2.1998856e+02   2.1386156e+02   2.1065217e+02   2.0452517e+02   1.9927346e+02
   1.6046911e+02   1.7301487e+02   1.8205950e+02   1.9052059e+02   2.0452517e+02   2.1269451e+02   2.2144737e+02   2.2932494e+02   2.3311785e+02   2.3399314e+02   2.2961670e+02   2.2611556e+02   2.2086384e+02   2.1561213e+02   2.0744279e+02
   1.7739130e+02   1.8789474e+02   1.9898169e+02   2.0802632e+02   2.1765446e+02   2.2728261e+02   2.3632723e+02   2.4070366e+02   2.4157895e+02   2.4216247e+02   2.4157895e+02   2.3778604e+02   2.3370137e+02   2.2640732e+02   2.1648741e+02
   1.9110412e+02   2.0335812e+02   2.1327803e+02   2.2115561e+02   2.2961670e+02   2.3924485e+02   2.4245423e+02   2.4449657e+02   2.4449657e+02   2.4449657e+02   2.3982838e+02   2.3778604e+02   2.3399314e+02   2.2961670e+02   2.2524027e+02
   2.0335812e+02   2.1123570e+02   2.2173913e+02   2.2903318e+02   2.3749428e+02   2.4216247e+02   2.4478833e+02   2.4653890e+02   2.4420481e+02   2.4216247e+02   2.4041190e+02   2.3691076e+02   2.3282609e+02   2.2932494e+02   2.2494851e+02
   2.1123570e+02   2.2203089e+02   2.2874142e+02   2.3545195e+02   2.3982838e+02   2.4303776e+02   2.4420481e+02   2.4391304e+02   2.4391304e+02   2.4362128e+02   2.4070366e+02   2.3836957e+02   2.3340961e+02   2.2786613e+02   2.2173913e+02
   2.1561213e+02   2.2494851e+02   2.2990847e+02   2.3574371e+02   2.3895309e+02   2.4099542e+02   2.4187071e+02   2.4216247e+02   2.4157895e+02   2.4099542e+02   2.4041190e+02   2.3807780e+02   2.3399314e+02   2.2757437e+02   2.2290618e+02
   2.1736270e+02   2.2436499e+02   2.2961670e+02   2.3486842e+02   2.3807780e+02   2.3924485e+02   2.3953661e+02   2.3924485e+02   2.3866133e+02   2.3836957e+02   2.3661899e+02   2.3691076e+02   2.3311785e+02   2.2786613e+02   2.2261442e+02
   2.1065217e+02   2.1940503e+02   2.2786613e+02   2.3020023e+02   2.3486842e+02   2.3720252e+02   2.3749428e+02   2.3632723e+02   2.3720252e+02   2.3691076e+02   2.3545195e+02   2.3282609e+02   2.3078375e+02   2.2786613e+02   2.2173913e+02
   2.0277460e+02   2.1502860e+02   2.2115561e+02   2.2640732e+02   2.3107551e+02   2.3370137e+02   2.3545195e+02   2.3428490e+02   2.3457666e+02   2.3457666e+02   2.3311785e+02   2.3136728e+02   2.2844966e+02   2.2465675e+02   2.1794622e+02
   1.9314645e+02   2.0248284e+02   2.0948513e+02   2.1823799e+02   2.2465675e+02   2.2757437e+02   2.2932494e+02   2.2990847e+02   2.3020023e+02   2.2990847e+02   2.2757437e+02   2.2553204e+02   2.2144737e+02   2.1327803e+02   2.0744279e+02
   1.7418192e+02   1.8293478e+02   1.9518879e+02   2.0540046e+02   2.1211098e+02   2.1707094e+02   2.1765446e+02   2.1794622e+02   2.1794622e+02   2.1852975e+02   2.1619565e+02   2.1298627e+02   2.0744279e+02   1.9956522e+02   1.9022883e+02
   1.5171625e+02   1.6046911e+02   1.6980549e+02   1.8030892e+02   1.8935355e+02   1.9314645e+02   1.9723112e+02   2.0073227e+02   2.0102403e+02   1.9810641e+02   1.9752288e+02   1.9343822e+02   1.8381007e+02   1.7622426e+02   1.6659611e+02
   1.3070938e+02   1.3917048e+02   1.4354691e+02   1.4909039e+02   1.5025744e+02   1.5755149e+02   1.6134439e+02   1.6192792e+02   1.6367849e+02   1.6251144e+02   1.5842677e+02   1.5463387e+02   1.5113272e+02   1.4354691e+02   1.3741991e+02
   1.0328375e+02   1.0853547e+02   1.1291190e+02   1.1320366e+02   1.1612128e+02   1.1728833e+02   1.1933066e+02   1.1845538e+02   1.1524600e+02   1.1437071e+02   1.1437071e+02   1.1320366e+02   1.0824371e+02   1.0474256e+02   1.0153318e+02
