   2.0691102e+00   1.0940123e+00   8.0861780e-01   8.3240067e-01   6.6592054e-01   6.4213766e-01   7.1348629e-01   6.1835478e-01   5.4700616e-01   5.4700616e-01   5.4700616e-01   5.2322328e-01   5.2322328e-01   5.2322328e-01   5.7078903e-01
   3.5436486e+00   1.8788472e+00   1.1177952e+00   9.5131505e-01   6.4213766e-01   6.6592054e-01   6.8970341e-01   7.3726917e-01   6.4213766e-01   5.4700616e-01   5.4700616e-01   5.4700616e-01   5.4700616e-01   5.2322328e-01   4.9944040e-01
   4.4711807e+00   2.9728595e+00   1.4983212e+00   8.3240067e-01   6.6592054e-01   4.7565753e-01   6.1835478e-01   5.9457191e-01   6.4213766e-01   5.9457191e-01   5.2322328e-01   4.2809177e-01   4.5187465e-01   4.0430890e-01   4.9944040e-01
   6.3024622e+00   4.5187465e+00   2.9728595e+00   1.4983212e+00   8.7996642e-01   4.9944040e-01   4.5187465e-01   5.2322328e-01   5.9457191e-01   7.1348629e-01   6.6592054e-01   5.7078903e-01   4.7565753e-01   5.9457191e-01   1.0940123e+00
   1.0892557e+01   7.8007834e+00   5.5651931e+00   3.7814773e+00   1.7837157e+00   9.0374930e-01   4.9944040e-01   4.9944040e-01   5.7078903e-01   6.4213766e-01   7.6105204e-01   8.7996642e-01   1.3318411e+00   2.2831561e+00   4.2333520e+00
   1.5102126e+01   1.4341074e+01   1.2081701e+01   8.4904868e+00   5.3749301e+00   2.6636821e+00   9.5131505e-01   6.4213766e-01   6.6592054e-01   1.1891438e+00   2.2593733e+00   4.0430890e+00   6.5640739e+00   9.2515389e+00   1.1249301e+01
   1.5030778e+01   1.5625350e+01   1.6148573e+01   1.6766928e+01   1.5910744e+01   1.2842753e+01   8.0386122e+00   5.0181869e+00   5.4700616e+00   8.4191382e+00   1.1820090e+01   1.5102126e+01   1.7409065e+01   1.9335478e+01   1.9692222e+01
   2.0144096e+01   2.1095411e+01   2.2879127e+01   2.5162283e+01   2.9038892e+01   3.5008394e+01   4.2404868e+01   4.9492166e+01   4.2404868e+01   3.9241746e+01   3.5721880e+01   3.2392278e+01   2.9752378e+01   2.7183828e+01   2.5352546e+01
   2.4781757e+01   2.4781757e+01   2.4496363e+01   2.3949356e+01   2.2617515e+01   2.0381925e+01   1.8051203e+01   1.8812255e+01   2.9871293e+01   3.5079743e+01   3.5008394e+01   3.1536094e+01   2.8587017e+01   2.6660604e+01   2.4924454e+01
   1.3270845e+01   1.0987689e+01   8.1813095e+00   5.0181869e+00   2.2355904e+00   9.0374930e-01   6.6592054e-01   7.8483492e-01   1.6172356e+00   4.3760492e+00   1.0702294e+01   1.6505316e+01   1.9930050e+01   2.0857583e+01   2.0857583e+01
   5.0895355e+00   2.8063794e+00   1.4269726e+00   6.8970341e-01   4.7565753e-01   4.9944040e-01   6.1835478e-01   6.1835478e-01   9.2753218e-01   1.4745383e+00   2.8777280e+00   5.3987129e+00   8.9423615e+00   1.2010353e+01   1.4769166e+01
   1.4031897e+00   7.6105204e-01   6.1835478e-01   4.5187465e-01   4.7565753e-01   4.7565753e-01   5.2322328e-01   5.9457191e-01   5.7078903e-01   8.7996642e-01   1.2129267e+00   2.2831561e+00   3.8052602e+00   6.1359821e+00   8.5380526e+00
   9.9888081e-01   8.0861780e-01   6.4213766e-01   5.9457191e-01   5.4700616e-01   5.2322328e-01   5.2322328e-01   4.2809177e-01   4.5187465e-01   5.9457191e-01   5.9457191e-01   9.5131505e-01   1.9264130e+00   3.2582541e+00   4.7803581e+00
   1.1415781e+00   1.0702294e+00   9.9888081e-01   9.7509793e-01   8.7996642e-01   8.0861780e-01   6.8970341e-01   6.6592054e-01   5.4700616e-01   4.7565753e-01   5.2322328e-01   5.2322328e-01   7.6105204e-01   1.4983212e+00   2.8301623e+00
   7.6105204e-01   7.8483492e-01   7.6105204e-01   8.5618355e-01   9.0374930e-01   9.0374930e-01   9.5131505e-01   9.9888081e-01   8.5618355e-01   7.6105204e-01   7.8483492e-01   8.5618355e-01   8.7996642e-01   9.5131505e-01   1.7123671e+00
