   2.0245955e+02   2.1456311e+02   2.2281553e+02   2.2996764e+02   2.3849515e+02   2.4289644e+02   2.4344660e+02   2.4372168e+02   2.4234628e+02   2.4097087e+02   2.3794498e+02   2.3024272e+02   2.0768608e+02   1.6477346e+02   1.0590615e+02
   2.0933657e+02   2.2006472e+02   2.2914239e+02   2.3656958e+02   2.4289644e+02   2.4592233e+02   2.4647249e+02   2.4619741e+02   2.4509709e+02   2.4427184e+02   2.4152104e+02   2.3601942e+02   2.1731392e+02   1.8292880e+02   1.2406149e+02
   2.1648867e+02   2.2694175e+02   2.3519417e+02   2.4372168e+02   2.4702265e+02   2.4757282e+02   2.4757282e+02   2.4729773e+02   2.4647249e+02   2.4509709e+02   2.4344660e+02   2.3904531e+02   2.2749191e+02   1.9200647e+02   1.4854369e+02
   2.2556634e+02   2.3464401e+02   2.4317152e+02   2.4839806e+02   2.4894822e+02   2.4867314e+02   2.4867314e+02   2.4757282e+02   2.4702265e+02   2.4647249e+02   2.4399676e+02   2.4124595e+02   2.3244337e+02   2.0025890e+02   1.6312298e+02
   2.3299353e+02   2.4234628e+02   2.4867314e+02   2.4977346e+02   2.5032362e+02   2.5004854e+02   2.4922330e+02   2.4839806e+02   2.4757282e+02   2.4647249e+02   2.4509709e+02   2.4234628e+02   2.3436893e+02   2.0878641e+02   1.6752427e+02
   2.3932039e+02   2.4894822e+02   2.5114887e+02   2.5169903e+02   2.5169903e+02   2.5087379e+02   2.5004854e+02   2.4922330e+02   2.4839806e+02   2.4702265e+02   2.4564725e+02   2.4234628e+02   2.3574434e+02   2.1511327e+02   1.7247573e+02
   2.4372168e+02   2.5224919e+02   2.5362460e+02   2.5334951e+02   2.5224919e+02   2.5142395e+02   2.5087379e+02   2.4977346e+02   2.4867314e+02   2.4784790e+02   2.4619741e+02   2.4399676e+02   2.3711974e+02   2.2006472e+02   1.7632686e+02
   2.4454693e+02   2.5362460e+02   2.5444984e+02   2.5389968e+02   2.5307443e+02   2.5197411e+02   2.5114887e+02   2.5059871e+02   2.5004854e+02   2.4812298e+02   2.4674757e+02   2.4454693e+02   2.3711974e+02   2.2116505e+02   1.7990291e+02
   2.4344660e+02   2.5417476e+02   2.5472492e+02   2.5444984e+02   2.5389968e+02   2.5307443e+02   2.5197411e+02   2.5114887e+02   2.4949838e+02   2.4839806e+02   2.4729773e+02   2.4509709e+02   2.3822006e+02   2.2088997e+02   1.8375405e+02
   2.3904531e+02   2.5252427e+02   2.5500000e+02   2.5472492e+02   2.5389968e+02   2.5279935e+02   2.5197411e+02   2.5032362e+02   2.4922330e+02   2.4839806e+02   2.4674757e+02   2.4564725e+02   2.3904531e+02   2.1951456e+02   1.8980583e+02
   2.3216828e+02   2.4812298e+02   2.5472492e+02   2.5472492e+02   2.5389968e+02   2.5334951e+02   2.5224919e+02   2.5059871e+02   2.4922330e+02   2.4757282e+02   2.4619741e+02   2.4344660e+02   2.3711974e+02   2.1703883e+02   1.8925566e+02
   2.1923948e+02   2.4427184e+02   2.5252427e+02   2.5444984e+02   2.5362460e+02   2.5334951e+02   2.5169903e+02   2.5032362e+02   2.4922330e+02   2.4784790e+02   2.4564725e+02   2.4234628e+02   2.3326861e+02   2.1346278e+02   1.8815534e+02
   2.0658576e+02   2.3629450e+02   2.4867314e+02   2.5334951e+02   2.5334951e+02   2.5279935e+02   2.5142395e+02   2.5032362e+02   2.4894822e+02   2.4757282e+02   2.4509709e+02   2.4097087e+02   2.2914239e+02   2.0933657e+02   1.8760518e+02
   1.9338188e+02   2.2474110e+02   2.4372168e+02   2.5004854e+02   2.5224919e+02   2.5142395e+02   2.5059871e+02   2.5004854e+02   2.4894822e+02   2.4647249e+02   2.4482201e+02   2.3822006e+02   2.2419094e+02   2.0686084e+02   1.8485437e+02
   1.7660194e+02   2.1208738e+02   2.3299353e+02   2.4454693e+02   2.5059871e+02   2.4949838e+02   2.4922330e+02   2.4812298e+02   2.4729773e+02   2.4564725e+02   2.4289644e+02   2.3326861e+02   2.1896440e+02   2.0576052e+02   1.8567961e+02
