   1.5987461e+00   1.7398119e+00   1.7868339e+00   1.6927900e+00   1.5517241e+00   1.7398119e+00   1.8338558e+00   1.9278997e+00   2.6332288e+00   3.7617555e+00   5.1724138e+00   8.3228840e+00   1.2507837e+01   1.7539185e+01   2.1536050e+01
   1.8808777e+00   2.0689655e+00   1.8338558e+00   2.0219436e+00   2.0689655e+00   1.9749216e+00   2.1630094e+00   2.7742947e+00   3.4796238e+00   5.2194357e+00   8.6050157e+00   1.2931034e+01   1.8479624e+01   2.4357367e+01   2.9388715e+01
   2.1159875e+00   2.0689655e+00   2.1159875e+00   2.0219436e+00   2.3040752e+00   2.3510972e+00   2.4921630e+00   3.2915361e+00   5.3605016e+00   8.9341693e+00   1.3542320e+01   2.0501567e+01   2.8495298e+01   3.4514107e+01   3.6912226e+01
   2.8213166e+00   2.4921630e+00   2.4451411e+00   2.5391850e+00   2.3510972e+00   2.6802508e+00   2.8683386e+00   5.1724138e+00   1.0250784e+01   1.6128527e+01   2.5015674e+01   3.4090909e+01   4.0391850e+01   4.1473354e+01   3.9592476e+01
   3.1974922e+00   2.8683386e+00   2.8213166e+00   2.7272727e+00   2.8683386e+00   3.3385580e+00   5.9247649e+00   1.2978056e+01   2.0783699e+01   3.1363636e+01   4.0344828e+01   4.4670846e+01   4.4858934e+01   4.2507837e+01   3.7946708e+01
   3.5736677e+00   3.6677116e+00   3.6677116e+00   4.2319749e+00   5.4545455e+00   8.6520376e+00   1.8150470e+01   2.7931034e+01   3.7805643e+01   4.4200627e+01   4.7633229e+01   4.6786834e+01   4.3166144e+01   3.7100313e+01   3.1457680e+01
   5.6896552e+00   6.2068966e+00   7.6645768e+00   1.0673981e+01   1.5752351e+01   2.5438871e+01   3.5783699e+01   4.3119122e+01   4.7304075e+01   4.8573668e+01   4.5940439e+01   4.0438871e+01   3.2633229e+01   2.5485893e+01   2.0407524e+01
   9.8746082e+00   1.2931034e+01   1.7210031e+01   2.3981191e+01   3.4231975e+01   4.2978056e+01   4.8526646e+01   5.0830721e+01   4.7915361e+01   4.1849530e+01   3.5407524e+01   2.6708464e+01   1.9796238e+01   1.5094044e+01   1.1332288e+01
   1.9326019e+01   2.4075235e+01   3.1598746e+01   4.0626959e+01   4.8479624e+01   5.3463950e+01   5.1018809e+01   4.4341693e+01   3.6159875e+01   3.0282132e+01   2.0689655e+01   1.3260188e+01   1.0062696e+01   7.4294671e+00   5.8307210e+00
   3.0752351e+01   3.8793103e+01   4.5752351e+01   5.1724138e+01   5.3087774e+01   4.9043887e+01   3.9968652e+01   3.2210031e+01   2.6379310e+01   1.4059561e+01   8.0407524e+00   5.9717868e+00   4.7962382e+00   4.1379310e+00   3.5736677e+00
   4.2601881e+01   4.7492163e+01   5.0924765e+01   5.1206897e+01   4.5846395e+01   3.6300940e+01   2.7460815e+01   1.9420063e+01   8.8401254e+00   5.2194357e+00   4.1379310e+00   3.8087774e+00   3.4326019e+00   2.8213166e+00   2.2100313e+00
   4.5329154e+01   4.7539185e+01   4.5470219e+01   4.0438871e+01   3.2021944e+01   2.2664577e+01   1.5000000e+01   7.5705329e+00   5.0313480e+00   3.8557994e+00   3.5266458e+00   3.1974922e+00   2.5391850e+00   2.0219436e+00   1.5987461e+00
   4.3401254e+01   3.9122257e+01   3.4984326e+01   2.7507837e+01   2.0642633e+01   1.3307210e+01   7.4294671e+00   5.2194357e+00   4.1379310e+00   3.5736677e+00   3.0564263e+00   2.3040752e+00   1.6927900e+00   1.3636364e+00   1.1755486e+00
   3.4608150e+01   3.1034483e+01   2.5344828e+01   1.9137931e+01   1.2931034e+01   7.8056426e+00   5.0783699e+00   4.1849530e+00   3.5736677e+00   2.7742947e+00   2.0219436e+00   1.3636364e+00   1.3636364e+00   1.1285266e+00   9.8746082e-01
   2.7931034e+01   2.4263323e+01   1.8808777e+01   1.2978056e+01   8.3228840e+00   5.5485893e+00   4.1379310e+00   3.3385580e+00   2.6802508e+00   1.8808777e+00   1.3166144e+00   1.2225705e+00   1.0815047e+00   1.0344828e+00   9.4043887e-01
