   2.4910823e+01   3.6539319e+01   5.1733887e+01   6.9822659e+01   8.7291244e+01   1.1142683e+02   1.2724159e+02   1.3189299e+02   1.1948926e+02   1.0346777e+02   8.1347791e+01   6.0106405e+01   4.5376976e+01   3.4316984e+01   2.6564653e+01
   2.1861573e+01   3.2301378e+01   4.7857722e+01   6.8633968e+01   9.0443859e+01   1.1623328e+02   1.3551074e+02   1.3949027e+02   1.2724159e+02   1.0765403e+02   8.3208350e+01   6.0623227e+01   4.4860154e+01   3.3179976e+01   2.4859141e+01
   1.9690920e+01   2.8476895e+01   4.3568099e+01   6.5326307e+01   9.3079651e+01   1.2083300e+02   1.4098906e+02   1.4600223e+02   1.3256486e+02   1.1116842e+02   8.4655452e+01   6.0158087e+01   4.3516417e+01   3.1371099e+01   2.2791852e+01
   1.7882043e+01   2.4962505e+01   3.9123429e+01   6.3052290e+01   9.3079651e+01   1.2527767e+02   1.4476186e+02   1.5365120e+02   1.3654439e+02   1.1364917e+02   8.5792460e+01   5.9589582e+01   4.2120997e+01   2.8942035e+01   2.0207742e+01
   1.6434941e+01   2.2688488e+01   3.4627077e+01   6.0829955e+01   9.1477503e+01   1.2734495e+02   1.4651905e+02   1.5871605e+02   1.3943859e+02   1.1576814e+02   8.5585732e+01   5.8762667e+01   4.0260438e+01   2.6823064e+01   1.8553912e+01
   1.4987839e+01   2.0672882e+01   3.2973247e+01   5.6850426e+01   8.9358533e+01   1.2646636e+02   1.4781111e+02   1.6641670e+02   1.4233279e+02   1.1628496e+02   8.4500405e+01   5.7987434e+01   3.8038103e+01   2.4083908e+01   1.6745034e+01
   1.4367653e+01   1.8502229e+01   3.3748480e+01   5.5558370e+01   8.6826105e+01   1.2579449e+02   1.4615728e+02   1.7540940e+02   1.4279793e+02   1.2026449e+02   8.1761248e+01   5.8090799e+01   3.6797730e+01   2.1654844e+01   1.5814755e+01
   1.4419335e+01   1.7985407e+01   3.2818200e+01   5.5971828e+01   8.3053304e+01   1.2321038e+02   1.4290130e+02   1.8326510e+02   1.4321139e+02   1.2269355e+02   8.0986015e+01   5.8349210e+01   3.4782124e+01   1.9949331e+01   1.5091204e+01
   1.4936157e+01   1.9122416e+01   3.3386704e+01   5.4576409e+01   8.1657884e+01   1.2124645e+02   1.4450345e+02   1.7887211e+02   1.4899980e+02   1.2372720e+02   8.2794893e+01   5.6850426e+01   3.4316984e+01   1.9122416e+01   1.5091204e+01
   1.6228212e+01   2.1034657e+01   3.4420349e+01   5.2974260e+01   8.1037698e+01   1.1762870e+02   1.4522700e+02   1.6936259e+02   1.5153223e+02   1.2383056e+02   8.6412647e+01   5.5610053e+01   3.3800162e+01   2.0052696e+01   1.5814755e+01
   1.8088772e+01   2.3567086e+01   3.5557357e+01   5.3439400e+01   7.9487231e+01   1.1525132e+02   1.4259120e+02   1.6238549e+02   1.4817288e+02   1.2579449e+02   8.8169842e+01   5.6333604e+01   3.5505675e+01   2.2275030e+01   1.6693352e+01
   1.9484191e+01   2.6409607e+01   3.7262870e+01   5.4938184e+01   7.8195176e+01   1.1261552e+02   1.3804317e+02   1.5597690e+02   1.4507195e+02   1.2532935e+02   8.9616944e+01   5.9021078e+01   3.7521281e+01   2.4859141e+01   1.7778679e+01
   2.1758208e+01   2.8993717e+01   3.9743616e+01   5.5713417e+01   7.7781719e+01   1.0904945e+02   1.3277158e+02   1.4910316e+02   1.4129915e+02   1.2181496e+02   9.0598906e+01   6.2122011e+01   4.1655857e+01   2.7908391e+01   1.9794285e+01
   2.4290636e+01   3.2042967e+01   4.1190717e+01   5.6385286e+01   7.7781719e+01   1.0558675e+02   1.2770673e+02   1.4176429e+02   1.3721625e+02   1.1768038e+02   9.0443859e+01   6.4602756e+01   4.5221929e+01   3.1164370e+01   2.1861573e+01
   2.7081475e+01   3.3800162e+01   4.3878192e+01   5.7677341e+01   7.7058168e+01   1.0279591e+02   1.2274524e+02   1.3359850e+02   1.3189299e+02   1.1349412e+02   8.9048439e+01   6.7341913e+01   4.9201459e+01   3.4265302e+01   2.3928861e+01
