0, 0, 0,
0, 0, 0,
0, 0, 0,
0, 0, 0,
0, 0, 0,
0, 0, 0,
0, 0, 0,
0, 0, 0,
0, 0, 0,
0, 0, 13,
0, 0, 26,
0, 0, 40,
0, 0, 53,
0, 0, 67,
0, 0, 80,
0, 0, 93,
0, 0, 107,
0, 0, 120,
0, 0, 134,
0, 0, 147,
0, 0, 161,
0, 0, 174,
0, 0, 187,
0, 0, 201,
0, 0, 214,
0, 0, 228,
0, 0, 241,
0, 0, 255,
0, 0, 255,
0, 1, 255,
0, 3, 255,
0, 4, 255,
0, 6, 255,
0, 8, 255,
0, 9, 255,
0, 11, 255,
0, 13, 255,
0, 14, 255,
0, 16, 255,
0, 17, 255,
0, 19, 255,
0, 21, 255,
0, 22, 255,
0, 24, 255,
0, 26, 255,
0, 27, 255,
0, 29, 255,
0, 31, 255,
0, 32, 255,
0, 34, 255,
0, 35, 255,
0, 37, 255,
0, 39, 255,
0, 40, 255,
0, 42, 255,
0, 44, 255,
0, 45, 255,
0, 47, 255,
0, 49, 255,
0, 50, 255,
0, 52, 255,
0, 53, 255,
0, 55, 255,
0, 57, 255,
0, 58, 255,
0, 60, 255,
0, 62, 255,
0, 63, 255,
0, 65, 255,
0, 66, 255,
0, 68, 255,
0, 70, 255,
0, 71, 255,
0, 73, 255,
0, 75, 255,
0, 76, 255,
0, 78, 255,
0, 80, 255,
0, 81, 255,
0, 83, 255,
0, 84, 255,
0, 86, 255,
0, 88, 255,
0, 89, 255,
0, 91, 255,
0, 93, 255,
0, 94, 255,
0, 96, 255,
0, 98, 255,
0, 99, 255,
0, 101, 255,
0, 102, 255,
0, 104, 255,
0, 106, 255,
0, 107, 255,
0, 109, 255,
0, 111, 255,
0, 112, 255,
0, 114, 255,
0, 115, 255,
0, 117, 255,
0, 119, 255,
0, 120, 255,
0, 122, 255,
0, 124, 255,
0, 125, 255,
0, 127, 255,
0, 129, 255,
0, 130, 255,
0, 132, 255,
0, 133, 255,
0, 135, 255,
0, 137, 255,
0, 138, 255,
0, 140, 255,
0, 142, 255,
0, 143, 255,
0, 145, 255,
0, 147, 255,
0, 148, 255,
0, 150, 255,
0, 151, 255,
0, 153, 255,
0, 155, 255,
0, 156, 255,
0, 158, 255,
0, 160, 255,
0, 161, 255,
0, 163, 255,
0, 165, 255,
0, 165, 255,
0, 165, 255,
0, 166, 255,
0, 167, 255,
0, 168, 255,
0, 169, 255,
0, 170, 255,
0, 171, 255,
0, 172, 255,
0, 173, 255,
0, 173, 255,
0, 174, 255,
0, 175, 255,
0, 176, 255,
0, 177, 255,
0, 178, 255,
0, 179, 255,
0, 180, 255,
0, 181, 255,
0, 181, 255,
0, 182, 255,
0, 183, 255,
0, 184, 255,
0, 185, 255,
0, 186, 255,
0, 187, 255,
0, 188, 255,
0, 189, 255,
0, 189, 255,
0, 190, 255,
0, 191, 255,
0, 192, 255,
0, 193, 255,
0, 194, 255,
0, 195, 255,
0, 196, 255,
0, 197, 255,
0, 197, 255,
0, 198, 255,
0, 199, 255,
0, 200, 255,
0, 201, 255,
0, 202, 255,
0, 203, 255,
0, 204, 255,
0, 205, 255,
0, 205, 255,
0, 206, 255,
0, 207, 255,
0, 208, 255,
0, 209, 255,
0, 210, 255,
0, 211, 255,
0, 212, 255,
0, 213, 255,
0, 214, 255,
0, 214, 255,
0, 215, 255,
0, 216, 255,
0, 217, 255,
0, 218, 255,
0, 219, 255,
0, 220, 255,
0, 221, 255,
0, 222, 255,
0, 222, 255,
0, 223, 255,
0, 224, 255,
0, 225, 255,
0, 226, 255,
0, 227, 255,
0, 228, 255,
0, 229, 255,
0, 230, 255,
0, 230, 255,
0, 231, 255,
0, 232, 255,
0, 233, 255,
0, 234, 255,
0, 235, 255,
0, 236, 255,
0, 237, 255,
0, 238, 255,
0, 238, 255,
0, 239, 255,
0, 240, 255,
0, 241, 255,
0, 242, 255,
0, 243, 255,
0, 244, 255,
0, 245, 255,
0, 246, 255,
0, 246, 255,
0, 247, 255,
0, 248, 255,
0, 249, 255,
0, 250, 255,
0, 251, 255,
0, 252, 255,
0, 253, 255,
0, 254, 255,
0, 254, 255,
0, 255, 255,
11, 255, 255,
22, 255, 255,
33, 255, 255,
44, 255, 255,
55, 255, 255,
66, 255, 255,
77, 255, 255,
88, 255, 255,
99, 255, 255,
110, 255, 255,
121, 255, 255,
133, 255, 255,
144, 255, 255,
155, 255, 255,
166, 255, 255,
177, 255, 255,
188, 255, 255,
199, 255, 255,
210, 255, 255,
221, 255, 255,
232, 255, 255,
243, 255, 255,
255, 255, 255,
